ENTIDAD;OFICINA;PRODUCTO;CONTRATO;Portafolio;OFICINA2;CONTRATO2;SALDO;FEULIQ;T.E.A
0013;5120;50;50568162;P4290;6143;9670946462;67258029;2019/2/28;26
0013;3156;50;30514185;P5379;5782;9676111213;222946534;2018/5/27;21
0013;3665;50;29284219;P5209;2520;9680542817;226734598;2018/4/28;21
0013;5713;50;81596051;P1414;7747;9686945097;92758724;2020/2/22;22
0013;3002;50;48793071;P5553;5123;9640567874;309307205;2018/1/15;24
0013;5055;50;81372745;P2506;3086;9648252518;89820336;2018/7/23;24
0013;4080;50;39237426;P3356;5610;9686571157;49558306;2019/1/29;23
0013;1218;50;62912409;P5400;5690;9617903882;274021432;2019/3/28;26
0013;7685;50;90148485;P5023;7481;9645237323;56508966;2019/3/23;24
0013;3180;50;74495253;P4878;3684;9685425233;257511522;2019/8/6;22
0013;1548;50;27550071;P2223;5249;9639651088;253510510;2019/6/10;25
0013;2716;50;91404477;P5265;3336;9623305549;77489471;2020/2/12;21
0013;7653;50;90437061;P2783;5875;9638273874;112327105;2020/1/20;27
0013;7698;50;45771710;P4889;7776;9658810624;30721446;2018/10/24;27
0013;3752;50;77018577;P2392;7004;9680642283;181162331;2019/6/7;20
0013;5755;50;45531199;P4193;2291;9697977218;48090149;2020/2/27;27
0013;4474;50;82495975;P5094;4403;9626991556;138801534;2020/2/18;27
0013;2840;50;57288755;P3964;4514;9630510586;154421551;2019/3/20;21
0013;3937;50;71852130;P2535;6367;9639138611;181954247;2020/2/7;23
0013;2443;50;54184196;P3052;5323;9674400652;130007433;2019/4/1;23
0013;6776;50;71157278;P5330;2701;9651607460;102774806;2018/10/25;27
0013;5068;50;31331513;P5288;2837;9659031991;237439066;2020/2/23;21
0013;2049;50;66867536;P1678;4677;9620274340;108199884;2020/2/13;20
0013;6913;50;53324125;P1193;6580;9650409477;341199623;2019/7/25;20
0013;7217;50;48774132;P4562;5756;9688730082;55900169;2020/1/25;22
0013;4110;50;19020852;P1118;4141;9640293970;220762041;2020/1/29;27
0013;4169;50;42049620;P3202;7461;9639023917;319975807;2018/5/11;20
0013;1960;50;49636973;P2822;6767;9681860654;62382434;2018/3/29;21
0013;6826;50;27993377;P4677;2729;9671191428;241802730;2019/10/19;27
0013;1714;50;79589971;P2427;2403;9618068158;204086066;2019/5/15;26
0013;1897;50;27513184;P5201;6755;9619107097;316266051;2019/10/23;21
0013;7500;50;57645431;P3921;4516;9646144049;64054564;2020/2/15;22
0013;3164;50;13659619;P1287;5873;9651670232;117838904;2018/4/24;20
0013;7139;50;93770055;P4086;4062;9646569223;206267684;2019/9/8;26
0013;4423;50;94126002;P3071;5784;9670311316;173509104;2020/2/3;21
0013;4145;50;11146160;P3108;7104;9628977807;107100769;2019/3/14;22
0013;5497;50;82034826;P3362;4723;9625266922;117483299;2020/2/16;26
0013;4188;50;48718840;P3134;6491;9686741172;99579243;2018/1/20;20
0013;1259;50;25322359;P2476;3793;9649573837;129243571;2018/2/22;23
0013;1739;50;71718652;P4396;5143;9673749789;262872088;2020/1/16;21
0013;6431;50;88371876;P4398;5911;9687807799;195046583;2019/3/29;24
0013;1248;50;58579474;P1174;3221;9656911570;298976886;2020/2/20;25
0013;4014;50;42824264;P2777;3788;9643431755;62866130;2019/3/11;21
0013;4046;50;14914392;P4460;3886;9681196086;85702474;2020/2/14;22
0013;4325;50;20585999;P4671;5732;9693337469;153365360;2020/1/2;27
0013;3845;50;64536587;P4840;2923;9644734117;115791083;2020/2/11;22
0013;2964;50;53646316;P3555;6986;9660988023;97240226;2019/12/10;25
0013;1793;50;27536096;P5333;5206;9656543789;214042090;2019/11/26;27
0013;4812;50;74134952;P3384;4253;9614512349;37322606;2019/6/23;23
0013;6031;50;99990732;P1120;3992;9649701249;319343556;2020/1/30;22
0013;2104;50;84731348;P5167;7631;9638317034;264993171;2020/2/13;23
0013;7733;50;51094030;P2666;6137;9683097086;32204057;2018/7/10;21
0013;1208;50;54683002;P3192;2355;9647179525;201281686;2018/5/10;27
0013;4508;50;99699856;P1181;4028;9619155857;240302941;2020/2/18;20
0013;7720;50;81062174;P5361;5883;9615337277;173988115;2019/6/22;21
0013;7111;50;18016603;P2819;3662;9652089529;193575086;2018/7/10;25
0013;1565;50;42927844;P3102;2962;9628107883;148270135;2020/2/18;25
0013;2739;50;78575946;P2523;5434;9641375504;271928538;2019/4/6;26
0013;3143;50;80764271;P2483;6070;9639808014;51237279;2019/8/3;23
0013;1464;50;63387850;P3915;4534;9670612177;34038382;2018/12/9;21
0013;3894;50;67782489;P5519;2829;9639373701;106373057;2018/11/23;22
0013;5131;50;19429160;P1465;4147;9630189216;310651840;2019/5/17;24
0013;7443;50;21792366;P3710;3405;9623805781;92304639;2018/5/26;22
0013;3906;50;91998125;P2277;7434;9682846965;197945016;2019/9/1;23
0013;3546;50;96889494;P4832;3403;9688980345;130225880;2020/1/20;21
0013;4629;50;67681867;P5403;7130;9679108260;268159032;2020/1/27;24
0013;1716;50;69125635;P3885;6930;9617693000;165646650;2020/2/17;20
0013;4963;50;92270057;P2209;4432;9627571045;269828041;2019/6/25;22
0013;4155;50;21558351;P1132;6142;9679295169;105714580;2019/10/28;23
0013;5979;50;92164508;P2682;2609;9621181621;54049600;2018/3/24;20
0013;6556;50;60320629;P5085;2989;9640032188;49639867;2019/8/3;25
0013;1287;50;76782168;P1755;3451;9651799333;130108164;2020/2/5;22
0013;1889;50;29149892;P4892;4582;9674706945;330899641;2020/2/24;27
0013;6610;50;27676959;P5179;3853;9661924073;273260481;2018/2/20;21
0013;7402;50;35579880;P5476;5617;9662875733;168037260;2020/1/1;23
0013;6202;50;25860157;P1759;7484;9657626877;311503431;2019/9/3;27
0013;5139;50;73812921;P3912;5686;9645304037;202850153;2018/6/20;26
0013;2816;50;66090216;P3364;3472;9681428972;161796576;2020/2/2;22
0013;4972;50;73694996;P3023;2604;9667369314;94873257;2018/10/24;25
0013;1610;50;12554070;P1495;3116;9623448582;267323040;2020/2/18;25
0013;2694;50;88431729;P2349;7638;9695529804;51665343;2020/2/20;22
0013;5235;50;28723421;P2559;5565;9661495940;349965635;2020/2/7;24
0013;7628;50;75127225;P1664;5899;9627481231;157925278;2019/1/4;27
0013;4817;50;28357216;P2196;4268;9612757906;27152988;2020/1/30;20
0013;6917;50;64027316;P3464;2322;9674142823;192070822;2019/8/24;24
0013;6263;50;66502390;P4120;6297;9681300979;294091656;2019/5/12;21
0013;3795;50;62014390;P2135;4765;9646464592;340268519;2018/9/18;25
0013;5670;50;35593541;P5451;3162;9653618890;212075594;2019/8/23;24
0013;7026;50;63810660;P4721;2749;9699333267;214573539;2019/9/8;23
0013;6012;50;42461582;P5403;5987;9684034088;271954874;2018/6/17;22
0013;7448;50;27140077;P3606;5526;9660231860;288948439;2018/12/2;22
0013;5941;50;93924865;P4920;5163;9671735642;201545588;2020/1/10;25
0013;2052;50;54061024;P5373;2699;9627917102;269147309;2018/7/5;22
0013;2551;50;82482868;P4829;4028;9666262204;297421305;2018/11/12;27
0013;5271;50;67775208;P1518;6702;9666432799;69335112;2019/5/24;22
0013;5462;50;93914252;P4698;5691;9659238924;260846780;2018/3/6;25
0013;7171;50;17229589;P1592;6918;9680194388;340582824;2018/4/24;26
0013;6806;50;77776143;P4272;7389;9615322412;181514286;2018/8/1;24
0013;1256;50;61107749;P1822;5642;9660479251;26292640;2020/1/19;25
0013;4172;50;90720387;P4998;5432;9634450635;71827183;2018/6/4;24
0013;5573;50;28689151;P4233;2259;9628488845;49383985;2019/6/30;23
0013;7406;50;43347893;P2207;7169;9665891366;283502574;2019/11/12;25
0013;4166;50;98834933;P2591;5065;9688585042;218447086;2020/2/24;27
0013;2385;50;29508197;P2265;5808;9682792939;222033239;2018/10/29;23
0013;4537;50;22689755;P4954;4961;9621617797;140430718;2018/11/27;26
0013;6296;50;59839596;P4343;6296;9695328338;184624762;2018/11/4;27
0013;2765;50;46357465;P3244;5302;9661011371;129492963;2018/2/19;24
0013;4431;50;40829311;P1186;6910;9611409757;70589031;2020/1/29;20
0013;4675;50;13268521;P2837;6518;9630534551;323161366;2018/6/27;26
0013;7727;50;44596112;P1525;3102;9631761157;166447119;2020/2/3;22
0013;5838;50;80238885;P1687;4436;9650504691;134853226;2020/2/2;21
0013;6836;50;66564173;P4277;6087;9679941516;25694865;2020/1/10;22
0013;2883;50;15425458;P4226;2923;9692933219;178414867;2019/1/17;21
0013;2401;50;75130000;P3581;7238;9626789410;314031585;2018/7/7;27
0013;1766;50;92391470;P3674;5087;9682548045;225127137;2020/2/12;27
0013;2612;50;70595471;P1723;2809;9667467519;237685765;2018/2/5;20
0013;4515;50;90348562;P4524;5509;9651255113;305019220;2020/2/21;23
0013;4868;50;96879484;P2117;6222;9640066717;321194053;2020/1/17;24
0013;5054;50;97422168;P4311;4625;9655051349;61126576;2018/12/12;22
0013;3543;50;59887767;P1301;5963;9633130977;77772788;2019/5/4;22
0013;4327;50;79442900;P5241;5960;9667212197;112983174;2020/1/2;23
0013;6052;50;39371601;P1536;2328;9631847196;54148912;2020/1/9;26
0013;6968;50;73509057;P4727;4122;9617775423;313564936;2018/5/11;26
0013;1173;50;40421951;P4549;5410;9680192755;135463217;2018/4/22;23
0013;4675;50;42654730;P2903;4823;9674340139;334479035;2020/1/4;21
0013;6019;50;43779663;P2906;3502;9633301883;260057159;2018/9/17;23
0013;3254;50;13047146;P1420;2741;9698123046;100371920;2018/5/10;22
0013;1858;50;34614200;P1389;3695;9612909959;236543611;2018/12/10;24
0013;6299;50;35655807;P4682;6839;9635898074;253965793;2018/4/15;20
0013;5972;50;62573940;P5470;7471;9617369845;324595168;2018/5/25;24
0013;5837;50;53587986;P2373;6991;9669199292;144614957;2020/1/26;27
0013;1969;50;11684382;P1341;5622;9677217367;166086550;2020/2/21;26
0013;1007;50;26483029;P2224;7347;9622407489;274879943;2020/1/20;21
0013;2743;50;74916621;P5102;3754;9635046259;150971475;2019/2/19;20
0013;6944;50;48871669;P1400;7415;9688496215;306905761;2019/3/13;22
0013;3146;50;33799802;P2799;3209;9645875278;55835250;2020/2/6;26
0013;3919;50;40620456;P3061;7596;9620345215;216000697;2019/6/4;27
0013;7492;50;78648421;P1664;4907;9695543314;213158851;2018/3/23;20
0013;5559;50;83108220;P5163;5636;9639355632;279349251;2019/4/11;21
0013;3098;50;61995712;P4639;4035;9666418653;288630594;2019/4/15;20
0013;1522;50;54166206;P5192;7684;9688970198;265408261;2020/1/30;22
0013;2809;50;39543663;P3197;2332;9673092807;184840957;2019/6/1;23
0013;3311;50;67224118;P2695;5887;9672308684;43070625;2020/1/25;21
0013;1268;50;91829216;P3968;2829;9642390274;234831536;2019/3/1;22
0013;2543;50;71591855;P3412;3578;9641173534;319669546;2018/3/16;27
0013;7598;50;94707202;P5227;3587;9640640687;180430597;2020/1/3;20
0013;4846;50;23860064;P3489;2863;9615454958;205119051;2018/6/30;25
0013;7083;50;66753815;P1379;2732;9695653156;333606322;2019/2/11;20
0013;2478;50;20297199;P2427;4414;9629963207;179434110;2020/2/25;22
0013;4582;50;13531188;P1844;7701;9630526695;30643189;2019/3/15;27
0013;4449;50;64830623;P2242;7557;9618206947;156862253;2018/4/29;26
0013;3856;50;17243808;P4167;4866;9648073670;314577861;2020/1/16;26
0013;5165;50;66144285;P2675;7558;9683223954;45511383;2020/2/13;26
0013;3821;50;98121089;P2568;6303;9670009104;132377092;2019/7/27;21
0013;4421;50;80727255;P3561;7639;9695697196;301763199;2020/1/23;21
0013;6522;50;47232869;P5247;2385;9683824044;179948400;2020/2/1;22
0013;1035;50;54146518;P5026;7656;9698861194;156641099;2019/2/20;21
0013;5835;50;50017709;P5007;6510;9681504834;87118706;2020/2/5;25
0013;3351;50;49142888;P4129;2310;9692463231;168873449;2019/10/30;22
0013;3633;50;90778848;P4010;7622;9634560194;220113791;2020/1/28;25
0013;1556;50;43708627;P2601;7517;9639319913;99153117;2019/2/29;21
0013;4851;50;48152985;P4556;2926;9663942193;20014155;2019/2/27;24
0013;3508;50;52604682;P2362;5084;9638530053;246216848;2020/2/23;27
0013;6255;50;44789609;P1143;7460;9661236166;67810874;2018/4/21;25
0013;1570;50;25687270;P2236;2275;9652607214;286131265;2019/7/30;24
0013;3366;50;86383639;P1482;6041;9697325018;99799892;2018/8/28;27
0013;2416;50;14979692;P4987;2320;9622784201;23832950;2020/1/4;26
0013;2445;50;46171992;P3874;3761;9628867436;176174134;2018/2/21;24
0013;7591;50;43807403;P2266;4298;9693282603;219129776;2018/10/10;22
0013;7074;50;68202194;P3593;5110;9688104467;161521888;2019/3/28;23
0013;2941;50;75517177;P4941;4897;9687942151;34475421;2018/11/2;27
0013;7352;50;54952585;P5092;6852;9636193730;236824858;2018/1/23;27
0013;7297;50;91446001;P5532;5436;9620476601;121018074;2018/2/8;23
0013;4991;50;55506453;P1286;4894;9629509223;170953056;2020/1/22;26
0013;4157;50;64001292;P5433;7028;9641794277;178830514;2020/2/6;22
0013;4648;50;63896969;P4952;5274;9615319627;121518572;2018/6/20;23
0013;7446;50;43849857;P4651;6059;9656477434;89931423;2020/2/28;25
0013;2636;50;51174409;P5480;4033;9695184640;199549806;2020/1/6;22
0013;4397;50;26368261;P2844;7275;9638764690;260977923;2020/2/2;20
0013;5065;50;39851845;P1282;6283;9642463482;335083487;2018/1/20;20
0013;6214;50;93904304;P4085;5607;9636067769;186336857;2019/1/8;21
0013;3438;50;94627125;P3302;2235;9639860875;325647358;2020/1/11;25
0013;4941;50;96196378;P2113;6404;9635591895;268194112;2019/12/21;26
0013;4361;50;85057177;P3893;3041;9626087610;150748574;2018/4/27;24
0013;7407;50;97635874;P4181;3887;9638449512;346897516;2018/12/7;25
0013;4919;50;48772335;P5073;5016;9617640090;273812736;2019/10/17;23
0013;5978;50;88341475;P1901;7531;9697234119;244695685;2020/2/15;27
0013;1190;50;38301065;P1651;4110;9617562204;253126782;2020/2/16;24
0013;5821;50;89598892;P1646;3222;9635839550;286557953;2019/5/25;22
0013;6324;50;27606173;P1394;5837;9660595626;314602335;2019/2/18;20
0013;7096;50;72465402;P4046;2236;9629349596;39107854;2019/4/10;25
0013;4602;50;50391027;P2741;2994;9636529642;293285684;2020/1/3;24
0013;3492;50;46585646;P4364;4344;9653100192;27549232;2018/9/22;27
0013;7016;50;99661988;P5536;2253;9694900602;104524983;2020/1/22;23
0013;7652;50;36657854;P3723;2970;9636823551;228605838;2020/2/21;26
0013;4687;50;95130079;P4012;3938;9666996990;342148068;2020/1/18;24
0013;3030;50;23549652;P3905;5765;9641098890;40876680;2018/2/16;23
0013;5177;50;52119244;P1370;5833;9696114529;244426505;2019/12/11;23
0013;3757;50;75337565;P3170;2817;9691029534;332968128;2018/11/18;24
0013;7568;50;86286595;P4840;7175;9643632609;204716499;2019/11/9;26
0013;5713;50;20209971;P5474;7025;9671221479;287106604;2020/1/25;21
0013;6780;50;35151135;P1816;4217;9667712616;55040438;2020/1/20;22
0013;4508;50;65039833;P2689;6596;9636633066;323377390;2020/1/18;26
0013;7136;50;53083101;P1777;3405;9648416902;24131180;2018/10/14;20
0013;7576;50;47320848;P2656;5782;9614193751;73008935;2018/5/4;24
0013;1058;50;61547091;P4616;4346;9664314787;186187743;2020/2/25;20
0013;4694;50;38161493;P4829;3565;9646923285;294682863;2019/2/30;22
0013;3796;50;41126930;P4977;7733;9664222376;199608063;2018/11/4;26
0013;5011;50;80220612;P1567;4072;9692365666;24641407;2020/2/16;23
0013;4516;50;90162336;P1844;3432;9653724590;219933814;2020/2/21;25
0013;3360;50;71018782;P3842;7153;9653744575;264787131;2020/1/3;23
0013;7532;50;53047879;P3933;7166;9615334712;262363468;2020/2/3;21
0013;1410;50;78337194;P4000;4642;9656351204;243970974;2018/12/8;22
0013;3800;50;35853851;P3183;3290;9683474151;298708039;2019/12/22;23
0013;6233;50;27527568;P3285;3954;9611234061;90184450;2020/1/25;26
0013;7762;50;59738913;P3856;5740;9644558890;189126154;2018/7/15;20
0013;6947;50;92207464;P5080;3535;9635937540;276730000;2018/12/16;23
0013;3078;50;39903472;P2520;2241;9698889081;308855446;2020/1/9;23
0013;6347;50;36781849;P3833;6733;9617800197;166052770;2018/10/29;25
0013;4117;50;59548515;P2424;4335;9644564341;126176553;2018/4/23;27
0013;5694;50;74300629;P4424;3896;9682388918;209711732;2018/3/8;26
0013;2592;50;33329437;P2577;5368;9689420394;303322621;2019/5/17;21
0013;1603;50;51650574;P3855;4236;9688880891;195742643;2020/1/13;22
0013;6508;50;16909140;P3432;6533;9684080623;221195092;2020/2/19;22
0013;2236;50;37539853;P1326;4174;9673373656;113322949;2019/8/20;24
0013;1009;50;94748011;P3776;3683;9688357699;86912816;2020/2/10;25
0013;7279;50;88571226;P4339;4294;9657022254;126344944;2018/12/22;20
0013;1892;50;62030959;P2550;5536;9664871768;338617434;2019/6/27;20
0013;4314;50;93065358;P3226;3077;9695718946;30620030;2019/3/18;20
0013;7429;50;17939531;P1853;2453;9675526340;28848010;2019/6/25;21
0013;2882;50;21308409;P1141;7536;9699785063;175386884;2020/2/28;20
0013;7000;50;53365509;P3276;3560;9655484131;82058813;2020/2/20;24
0013;6347;50;83938766;P1494;7774;9691958986;68247040;2018/5/16;22
0013;4582;50;23131356;P3783;5428;9677736571;94789669;2019/5/12;21
0013;2131;50;54412086;P2399;4522;9681291343;29685353;2018/12/27;24
0013;2510;50;15124451;P3489;5729;9660284978;102559313;2020/2/19;25
0013;6671;50;42018971;P4240;2528;9628011455;71409422;2020/1/3;25
0013;2817;50;59173743;P3124;6311;9611247798;23457215;2019/7/4;26
0013;6887;50;78156463;P1350;3284;9629392457;161169499;2020/2/13;22
0013;1782;50;13900715;P1680;2924;9670906732;67719322;2019/12/14;27
0013;2430;50;25160278;P1121;2989;9664618723;25194110;2020/2/28;24
0013;2265;50;41302526;P2408;4061;9684280409;51837675;2018/9/20;20
0013;7187;50;13616517;P3281;5209;9629360541;166018149;2018/8/7;27
0013;2792;50;90404076;P2023;6385;9626155120;179440074;2019/3/29;24
0013;1290;50;27641755;P2228;4162;9687370545;283092073;2020/1/15;23
0013;2227;50;33721802;P3037;3551;9641416939;165470790;2020/1/17;20
0013;4723;50;49424026;P5523;5083;9699912118;169711594;2019/11/15;26
0013;2550;50;16339359;P5028;7138;9614473619;105366122;2019/10/15;25
0013;6358;50;92906886;P5347;2342;9633700883;57048990;2020/2/16;27
0013;1870;50;38408187;P5542;5344;9621518745;89023965;2019/9/3;27
0013;1721;50;52637120;P1452;2566;9659307688;161849767;2019/9/11;20
0013;3767;50;97410929;P1981;6912;9682816072;189157642;2019/10/16;24
0013;3879;50;64777058;P5367;5814;9677578432;127782627;2018/5/24;23
0013;2406;50;80086019;P4474;3109;9667032640;260862754;2018/7/29;21
0013;3783;50;93289119;P3887;4559;9627008070;251525305;2019/7/4;27
0013;4267;50;71605628;P4535;2937;9692323242;168377205;2018/6/5;25
0013;3879;50;33185474;P4402;6672;9661286997;290265246;2018/1/2;22
0013;1628;50;47763962;P2072;5028;9663454432;195489901;2020/1/30;25
0013;2044;50;25099060;P3889;3294;9672035331;158678511;2020/2/5;24
0013;3546;50;79845379;P4537;4131;9646813881;248376142;2020/2/27;26
0013;3512;50;16806735;P3891;4340;9697596811;66727577;2019/6/23;20
0013;6856;50;48769210;P5060;4576;9681356945;272025291;2020/1/25;23
0013;2877;50;15005037;P2795;4844;9628631689;278370867;2020/1/14;22
0013;7652;50;67831448;P4437;7125;9690496651;25531714;2020/1/19;24
0013;5095;50;16872740;P3141;4481;9669587907;153541335;2020/1/3;23
0013;1875;50;39404521;P3599;5407;9690821317;85093491;2018/9/8;20
0013;3162;50;95870611;P4519;4828;9692436742;46094514;2020/1/22;22
0013;2745;50;31711483;P2638;4318;9690968689;338133230;2020/2/20;20
0013;6874;50;28831569;P4329;6619;9625459839;299753932;2019/5/14;23
0013;6430;50;75744010;P5193;3727;9655654850;89296140;2019/1/16;20
0013;6896;50;94110274;P3090;3876;9619916894;130260938;2020/1/29;20
0013;2454;50;87635843;P2987;3276;9628741761;254757750;2018/11/26;21
0013;4216;50;79981398;P3223;6109;9687935386;147225009;2020/1/18;24
0013;3009;50;48598897;P4243;2704;9659569716;310175891;2018/1/29;27
0013;2813;50;77996894;P2859;2884;9682428485;204541819;2018/2/5;24
0013;6228;50;16600745;P4824;3337;9620645014;254267047;2019/11/22;25
0013;4744;50;11146817;P2134;7318;9698103910;231697897;2018/7/10;25
0013;6130;50;51263392;P1862;4037;9689067478;348951358;2018/5/19;20
0013;7195;50;77759568;P1513;5453;9699722467;162604357;2019/2/13;21
0013;6153;50;96679490;P1916;6795;9663793690;103012116;2020/2/17;23
0013;2277;50;62104361;P5544;5406;9684493192;178579137;2018/11/23;27
0013;4697;50;24325143;P4151;4396;9638738205;66586502;2018/5/12;24
0013;1382;50;32837978;P2587;7243;9661561650;119179157;2019/12/5;21
0013;3752;50;79971978;P5420;3892;9618762290;169433443;2020/2/2;22
0013;7504;50;84696864;P2633;5981;9691048161;166971222;2019/12/10;24
0013;1396;50;68588655;P2576;6554;9650070936;62417689;2019/2/14;22
0013;1505;50;78790694;P3273;4578;9615761224;164362342;2018/5/15;25
0013;6197;50;62502413;P5488;4977;9642616589;285819535;2018/4/17;25
0013;1343;50;90309957;P3199;4264;9642695667;34872394;2018/4/6;20
0013;5620;50;42883744;P4732;4272;9657158496;241717192;2019/8/15;23
0013;2080;50;57125601;P3891;2943;9656365357;217981331;2019/10/21;21
0013;6286;50;89759584;P3179;5347;9695266742;38822492;2019/3/21;23
0013;4172;50;23222378;P1177;6185;9680244872;233949010;2019/11/8;22
0013;4027;50;97407592;P3353;3480;9659339116;84066968;2019/10/25;21
0013;5372;50;90564045;P4013;4006;9646226367;235690041;2020/1/19;22
0013;4943;50;98591863;P2688;6944;9637126311;75806499;2019/1/8;27
0013;3326;50;14338035;P2119;7495;9675803410;94533677;2018/8/1;24
0013;1002;50;31523333;P4270;7049;9692823188;262053153;2018/4/13;22
0013;3397;50;19510715;P2643;7306;9613444333;211755865;2020/1/24;23
0013;2103;50;23508267;P1756;7077;9659235785;329293926;2018/1/5;21
0013;2880;50;96710079;P1807;7657;9684081470;297921523;2019/3/3;22
0013;1177;50;26713144;P4272;7433;9640784150;56436048;2018/2/13;22
0013;5140;50;61083408;P5117;4943;9692787580;224836927;2019/6/26;25
0013;2720;50;40489455;P3647;6334;9699769356;216161372;2018/2/8;26
0013;6178;50;33550139;P1478;5417;9635420981;54499170;2019/9/28;22
0013;2357;50;65119427;P3823;3164;9666557144;243806886;2020/1/30;23
0013;2531;50;96200012;P1273;5405;9612130089;39575530;2019/6/25;24
0013;4880;50;19397376;P4667;2544;9629436494;127652393;2018/2/20;25
0013;4492;50;44851860;P4079;3277;9637365983;311104665;2019/10/17;25
0013;2025;50;65265523;P1340;4530;9695840765;143286366;2018/6/14;20
0013;4724;50;98134160;P5398;7038;9651568694;282208311;2019/5/10;20
0013;2016;50;50326125;P3314;4498;9645612582;102339283;2020/2/17;20
0013;2088;50;69450081;P4512;3024;9657969592;24818719;2019/6/25;26
0013;6577;50;13538861;P2030;6664;9615207988;299738913;2019/6/8;25
0013;4957;50;70675285;P2193;4091;9685415156;60744529;2018/10/3;26
0013;3223;50;46123208;P5287;7575;9685696273;259080241;2020/1/26;22
0013;1827;50;69150614;P5040;5701;9699253876;91508065;2019/10/12;25
0013;6830;50;43572527;P4113;3626;9678535268;206496538;2019/4/8;27
0013;3871;50;52486846;P3647;2702;9666392026;159169713;2019/6/26;27
0013;5126;50;19359853;P2890;5841;9637819398;20102960;2018/8/22;21
0013;2069;50;33430733;P2894;5069;9637546163;67240183;2019/4/7;27
0013;1192;50;28991126;P1642;3893;9623988428;279280430;2018/2/21;27
0013;2641;50;22836129;P3681;2957;9621292254;254909936;2019/2/8;20
0013;2988;50;86597581;P2420;5103;9680125517;166598213;2019/2/25;25
0013;4377;50;53223681;P1835;7500;9690070375;140325663;2020/2/21;27
0013;2104;50;21798980;P1522;6596;9663519700;240201258;2020/2/10;23
0013;5338;50;91420703;P1671;2368;9614127062;250180890;2018/4/10;22
0013;7113;50;11539764;P1190;6987;9666085429;185811946;2020/1/14;20
0013;7587;50;89263547;P5253;5924;9680795494;318922902;2020/1/25;21
0013;5424;50;96587845;P2681;3979;9620249525;222970253;2020/1/11;21
0013;7586;50;42737912;P1793;7267;9677345256;31985442;2019/9/13;24
0013;1290;50;38832729;P3488;4327;9647468362;160123727;2019/3/2;26
0013;1132;50;73854207;P3905;3255;9633259185;91827719;2020/2/30;20
0013;3172;50;98018640;P5168;4233;9619566941;83188721;2019/3/6;23
0013;7740;50;97621683;P4954;4494;9680298843;31387836;2018/10/2;24
0013;3311;50;79840465;P2636;4687;9665144854;86873525;2019/12/21;20
0013;5387;50;21168086;P1993;6149;9665604528;169876389;2019/3/17;23
0013;4630;50;25872445;P4835;4567;9640741205;49903030;2019/9/1;20
0013;5732;50;52555598;P2794;5153;9618470981;200512624;2019/1/13;20
0013;1434;50;46680963;P5374;7303;9683272842;178345054;2019/11/25;24
0013;1773;50;85237861;P1471;3018;9657254731;118289812;2019/9/24;23
0013;6074;50;22884617;P1845;3599;9652339881;306693453;2019/9/1;23
0013;2290;50;73307024;P2236;4495;9668908218;121594019;2020/2/15;20
0013;7069;50;60452608;P3459;2887;9668368800;253841294;2019/10/12;20
0013;6770;50;11978109;P3195;6825;9647110823;97895941;2020/1/25;23
0013;6907;50;86896204;P2294;6050;9634004045;34267721;2019/3/18;20
0013;3020;50;65734618;P1280;4674;9627104929;121269077;2019/5/15;20
0013;7654;50;76662154;P3876;4251;9656772714;244821095;2018/9/13;24
0013;7242;50;99308183;P1111;2643;9629833295;319928708;2020/2/3;21
0013;1151;50;60870194;P2234;3155;9656500541;110017212;2019/1/9;26
0013;4252;50;92598244;P3235;7021;9629184307;65464341;2020/1/24;22
0013;6477;50;83033859;P1404;3994;9657295155;289485963;2019/11/30;23
0013;5793;50;55146181;P1464;7581;9648039972;261436370;2018/5/11;22
0013;4771;50;83431370;P4338;5974;9629304040;21574555;2019/12/12;23
0013;1928;50;16591215;P2912;3453;9693357331;214922178;2018/7/12;21
0013;4947;50;78351815;P4349;6874;9681090150;227777923;2020/2/28;26
0013;1991;50;87480366;P4721;6325;9658082374;186276880;2018/11/9;22
0013;5233;50;60100760;P2982;2838;9639763930;167404131;2019/6/13;27
0013;1526;50;74654259;P1164;7617;9694141929;276258403;2018/2/9;26
0013;1550;50;80592337;P2555;5222;9654889679;52778284;2019/5/23;24
0013;1333;50;72546272;P1506;3030;9663271160;105788821;2019/6/7;26
0013;3883;50;83081844;P1225;3000;9628331782;45619071;2019/1/28;26
0013;4486;50;94458379;P4011;3860;9620288983;56677164;2018/3/17;26
0013;3061;50;95933253;P1539;3289;9660481768;167995389;2020/1/7;22
0013;4237;50;30408227;P4483;6823;9632408527;210742011;2020/2/23;22
0013;4996;50;51374567;P1604;5508;9633905829;150806228;2020/1/28;23
0013;5778;50;31994508;P4161;2495;9642245675;148047551;2018/1/4;24
0013;5753;50;43480038;P2981;5486;9634051510;21851760;2019/4/16;27
0013;3308;50;62420888;P3023;6556;9674324116;309835084;2018/8/8;24
0013;2474;50;18999419;P2578;3070;9673388175;177585523;2019/4/8;20
0013;4294;50;18417532;P3341;5800;9675041008;221832878;2020/2/13;25
0013;3728;50;52233093;P4301;6039;9636996743;277536028;2020/2/29;20
0013;4455;50;65708476;P2055;5056;9661496052;78360328;2020/2/22;23
0013;4617;50;30179914;P3269;4571;9637800910;250578847;2019/2/18;26
0013;3663;50;29248986;P3273;4222;9620175588;121881445;2020/1/16;22
0013;2656;50;20742124;P3955;6744;9617279044;246651292;2019/9/18;25
0013;5334;50;70365699;P3340;3136;9632410313;70326979;2018/7/10;24
0013;6507;50;69313393;P2359;4415;9675861254;27238413;2020/2/17;27
0013;5643;50;68981809;P1183;6525;9613441162;86317672;2020/2/24;23
0013;7478;50;90539294;P3030;7406;9645400491;146685013;2018/9/13;20
0013;6818;50;14828447;P4538;5991;9652447650;65771747;2019/3/16;27
0013;3870;50;15966112;P1859;3866;9631160515;215252177;2019/7/13;26
0013;5779;50;58043880;P2992;4214;9622278652;85315858;2018/3/3;25
0013;3281;50;37617340;P4457;4490;9639178005;241507473;2018/7/23;23
0013;4490;50;32256418;P4410;6903;9679455719;329747209;2020/2/26;26
0013;7158;50;30496859;P2451;2362;9682919398;231828073;2018/9/23;27
0013;7278;50;82555130;P1475;4221;9681800894;268093584;2019/11/26;22
0013;5531;50;35063382;P1874;7735;9622614774;31809599;2020/1/1;21
0013;1436;50;16984858;P3301;7295;9693988175;203126864;2019/4/1;25
0013;2311;50;84727582;P3179;5679;9621489056;134448973;2019/1/19;24
0013;7484;50;74384447;P2657;7581;9633417437;185753364;2019/3/9;24
0013;5194;50;19027277;P1468;5440;9633698663;37011185;2020/1/15;26
0013;4504;50;31415491;P5295;2287;9692045762;111156702;2019/5/3;22
0013;5940;50;85849305;P4342;3172;9621610246;55262745;2019/11/25;26
0013;4849;50;95549608;P3834;3999;9678879316;245944995;2020/2/30;27
0013;2258;50;31054939;P3244;4304;9667521302;66562571;2019/12/26;20
0013;2349;50;19244255;P2381;6635;9673174515;40254033;2018/12/2;27
0013;4078;50;42659125;P5527;7123;9654014921;234866324;2020/2/14;22
0013;1663;50;69990837;P3587;5170;9691685800;205191710;2018/5/19;27
0013;1509;50;34389060;P2143;6946;9653570043;120268904;2018/9/7;25
0013;4779;50;95420247;P1776;5292;9669852847;245161785;2020/2/20;27
0013;5423;50;92007371;P4531;3515;9623704736;39829264;2018/5/17;22
0013;3441;50;61920504;P2862;4954;9664053503;313111120;2018/8/1;23
0013;4870;50;17880760;P3932;7108;9650831675;324577393;2019/6/4;20
0013;1984;50;86422287;P2666;6466;9629960416;302741647;2020/2/25;23
0013;5383;50;69353139;P4466;6514;9634152633;269518743;2019/3/1;27
0013;5282;50;14311668;P1872;3489;9646546187;101418627;2018/8/12;26
0013;6743;50;23310689;P1960;6495;9638767197;134618601;2020/2/24;21
0013;1314;50;84207655;P5280;6766;9655212108;117688830;2019/9/29;27
0013;4763;50;68442282;P2383;7627;9635297296;265884046;2019/9/14;26
0013;5846;50;44342522;P1362;2998;9654358551;154374039;2019/3/26;23
0013;4610;50;78640416;P1947;2325;9660474352;306305717;2019/11/24;23
0013;6776;50;44510090;P2185;4448;9678953304;258629688;2020/2/7;24
0013;7010;50;66769853;P2615;5115;9671181871;250812774;2018/8/13;26
0013;6181;50;11448154;P4704;6283;9696352978;39942492;2020/1/5;24
0013;7522;50;41119110;P3388;5057;9654962656;194436727;2018/11/16;24
0013;5801;50;83963006;P5153;5242;9671391890;148406690;2018/6/20;20
0013;5091;50;11901758;P1437;7612;9691581402;206785067;2020/1/9;22
0013;1336;50;52445459;P5169;6466;9672147140;43635806;2019/10/12;22
0013;6164;50;26195863;P3621;3328;9625813216;61638717;2018/8/12;26
0013;7220;50;61929689;P2397;2739;9611611162;239350631;2018/8/26;25
0013;3907;50;75315176;P3246;2271;9653155260;319181888;2018/6/23;25
0013;3551;50;94312005;P1212;4411;9697224169;313902854;2018/11/5;20
0013;5820;50;75181242;P5087;3352;9675700006;330301129;2019/1/18;25
0013;5639;50;49550588;P4303;2460;9618572798;196935209;2019/6/21;21
0013;5122;50;76017383;P1829;6225;9622103869;239774508;2019/6/18;25
0013;4820;50;28338310;P1840;3247;9668418839;227552975;2019/3/7;24
0013;2892;50;55648247;P4315;4335;9658257047;103673727;2018/8/8;23
0013;1592;50;48828498;P2542;3203;9686895133;156005514;2019/2/3;20
0013;2780;50;54479768;P3762;2845;9677366616;70740812;2020/1/19;27
0013;1412;50;19335852;P3697;7258;9630032132;215930683;2020/1/4;21
0013;2464;50;66693982;P5389;2863;9655115223;179699787;2018/5/13;27
0013;6085;50;98340618;P4356;7659;9653455053;135709209;2019/5/11;23
0013;5080;50;87915171;P4721;4651;9661686991;165572766;2019/12/8;21
0013;5745;50;63878056;P2948;3778;9695307586;273813400;2020/2/27;22
0013;2348;50;28244760;P4277;5294;9699478297;261200892;2018/4/26;26
0013;4941;50;83779913;P4927;3631;9686459455;225133187;2019/7/11;23
0013;3084;50;38076644;P4148;2970;9652209356;283589620;2019/5/26;24
0013;4821;50;44258940;P3195;5354;9637506307;42329000;2018/3/18;24
0013;5160;50;98885726;P4772;7450;9654477432;89756982;2018/3/14;24
0013;3030;50;53239567;P4464;7337;9670838519;323236148;2020/1/18;22
0013;1764;50;91913000;P3322;4099;9626178290;251804696;2019/6/20;26
0013;1028;50;11865813;P4443;5543;9613758239;305163340;2018/6/28;26
0013;5138;50;79832113;P2078;6606;9637743957;327214264;2018/5/26;25
0013;7624;50;48218509;P1496;2901;9684811951;48691754;2018/9/5;26
0013;6475;50;21400212;P4455;4967;9641176456;246018791;2019/1/2;22
0013;2564;50;18080970;P1707;3682;9674221931;107222673;2020/1/28;22
0013;4904;50;16014664;P1316;4295;9652630314;69058887;2020/2/9;22
0013;1066;50;12697568;P3827;2646;9676094640;335155751;2019/6/3;24
0013;4495;50;77817925;P4289;3961;9615197910;338511766;2018/12/6;20
0013;3769;50;87939865;P3425;6287;9684104517;118504277;2018/4/15;26
0013;5214;50;27055983;P3113;2492;9639540078;304533487;2018/4/3;27
0013;2158;50;86456870;P5374;4900;9689759971;122862091;2019/4/11;27
0013;3467;50;38563593;P4819;6949;9649855289;86843778;2019/10/29;25
0013;7619;50;41809980;P3782;5982;9627808409;327757465;2018/3/16;21
0013;1612;50;12598551;P3525;6900;9666706704;178787122;2020/1/8;22
0013;2782;50;87092785;P5328;5555;9635875188;40645315;2019/5/21;22
0013;3831;50;80516760;P3494;2950;9655028368;65725312;2018/8/5;23
0013;1994;50;39080497;P4742;7624;9617519071;300626668;2019/3/4;27
0013;1634;50;72290949;P4116;3626;9658763014;278750159;2018/11/10;27
0013;3593;50;43288672;P2358;5185;9635652349;222471289;2018/1/2;27
0013;4310;50;48041856;P1800;4598;9629160654;230440174;2018/12/1;23
0013;3867;50;44682383;P3014;2605;9616100441;241004494;2020/1/18;26
0013;4587;50;92536897;P4829;3503;9657805146;183760297;2018/5/26;21
0013;6392;50;65664468;P1557;4636;9669818732;223621704;2018/7/15;23
0013;2565;50;37040900;P2657;6171;9624601646;292499789;2019/9/2;21
0013;2538;50;28581182;P1982;2840;9676461186;133654315;2020/1/4;24
0013;2814;50;34830062;P1785;5741;9665294867;43838518;2020/2/22;23
0013;6290;50;14320089;P1200;5134;9621463337;296209306;2018/6/19;23
0013;3835;50;13139836;P1286;5909;9671716747;144634834;2019/5/9;26
0013;7474;50;64598351;P3904;5882;9611329093;176195571;2020/2/1;21
0013;5077;50;46725688;P5082;2960;9677481613;169356247;2018/7/16;21
0013;7729;50;28652548;P4205;3781;9619967039;52890875;2019/1/26;25
0013;4341;50;76270449;P3996;4072;9699988636;132915819;2020/2/4;25
0013;3357;50;12405671;P2321;4236;9641532904;165438371;2020/2/5;24
0013;6893;50;46662300;P4868;3375;9698145962;229029894;2018/4/28;23
0013;5368;50;99469440;P5504;5082;9677640992;175261989;2018/10/16;25
0013;2418;50;47059422;P2813;2257;9674532131;109146966;2019/9/21;25
0013;4531;50;16653623;P3642;2627;9686043072;305727632;2020/1/1;23
0013;7503;50;36670512;P2863;2930;9659812124;120824123;2020/1/2;26
0013;3989;50;92404077;P2315;3558;9644546818;161096422;2019/5/9;23
0013;4676;50;41331209;P1189;4636;9659908820;164395719;2019/5/5;24
0013;1393;50;30772983;P3578;7256;9687574817;104719789;2020/2/26;26
0013;2339;50;33748193;P1302;7518;9698783282;28206111;2019/2/22;21
0013;3826;50;81766652;P5352;2392;9630790784;251130984;2018/7/15;27
0013;1358;50;74091280;P5042;6801;9620486004;166550979;2018/4/23;26
0013;3709;50;70060192;P2537;6609;9652269028;132273793;2019/1/24;23
0013;1972;50;29361036;P1372;7705;9657334386;317544032;2018/4/13;22
0013;3788;50;17563931;P4587;5751;9649397257;349376342;2018/9/16;23
0013;2760;50;30479152;P3742;3970;9626672528;150698846;2020/2/8;24
0013;4893;50;66495233;P1163;2437;9681209828;71170456;2020/2/7;26
0013;2661;50;27400793;P1619;7101;9621480730;172101763;2019/9/25;22
0013;5686;50;32590677;P3080;7453;9637383561;139756511;2019/9/13;24
0013;4996;50;61491449;P4724;6783;9616576552;204659208;2018/8/24;20
0013;2114;50;69160222;P4579;5056;9642035442;193734002;2020/2/26;24
0013;3712;50;20323948;P1900;7141;9662036667;340464056;2019/9/28;21
0013;6156;50;97212267;P2894;2630;9663324959;25586754;2019/1/9;25
0013;2869;50;45878050;P4113;2350;9676436369;258399879;2020/1/26;25
0013;5180;50;51068879;P4528;5585;9664973925;264479574;2018/6/25;21
0013;2336;50;65351163;P4123;3433;9640098311;95991523;2018/6/30;26
0013;3343;50;89152506;P1140;6941;9693098056;153823759;2018/1/1;26
0013;1590;50;57541813;P1743;5978;9666897833;335545295;2020/2/5;20
0013;2252;50;16329004;P4076;7368;9651548241;191600337;2019/11/29;24
0013;3965;50;66631578;P2972;4060;9652888176;88969715;2019/10/20;22
0013;3338;50;64612740;P4380;2348;9660251656;94532380;2019/2/24;22
0013;5059;50;35053925;P3879;6746;9654879819;265753108;2019/3/27;22
0013;1961;50;61298640;P2157;4780;9689120868;255788328;2019/8/17;21
0013;2187;50;57459883;P3592;4596;9671280478;242407866;2019/2/20;26
0013;4348;50;35315997;P2844;7612;9698934046;244857400;2019/10/24;24
0013;5586;50;82836827;P5109;7514;9697359683;274261912;2019/1/27;24
0013;5821;50;86616577;P2541;2297;9653226184;92530672;2018/11/7;20
0013;5359;50;79617743;P2394;2893;9677592510;213201802;2019/3/3;23
0013;6637;50;86108352;P2122;7670;9623982712;74217547;2018/3/28;26
0013;6151;50;52441105;P5519;5104;9635118676;202665162;2019/1/29;21
0013;4552;50;37600449;P4461;4399;9678315623;181578876;2020/2/2;21
0013;4662;50;70572931;P3924;2784;9694249792;265750558;2018/11/14;21
0013;5469;50;36553440;P5370;5360;9691532067;310588072;2019/8/18;26
0013;5771;50;18398543;P1166;3938;9680423225;28269526;2018/11/28;22
0013;6826;50;24489262;P2058;4877;9665534633;265030622;2019/11/2;22
0013;3961;50;13919130;P2495;6581;9681446585;285447427;2020/2/5;21
0013;2163;50;42222400;P3888;3889;9679356090;177198400;2020/2/14;24
0013;2945;50;41556281;P3927;4927;9648738363;343129590;2018/7/16;25
0013;3947;50;98298603;P1451;4303;9676826524;106905192;2020/2/20;22
0013;4342;50;79141426;P1466;6509;9648302570;244021545;2018/3/13;21
0013;5823;50;39542387;P1688;2738;9615055511;269210213;2018/1/24;27
0013;1197;50;34236948;P3160;4079;9667448198;200100241;2019/1/2;27
0013;2017;50;51281566;P5154;7276;9693935889;239123631;2020/1/13;21
0013;7615;50;28289444;P4225;2464;9660573870;164934491;2019/3/24;22
0013;7481;50;90834121;P1957;6355;9619157739;67851286;2018/5/23;25
0013;3881;50;40147294;P4286;7566;9665502779;348671477;2018/6/18;26
0013;2607;50;35046013;P4137;6834;9620297019;109257148;2020/1/30;23
0013;2581;50;50653643;P3172;3545;9621528679;176477308;2018/3/22;27
0013;6222;50;46861836;P2459;3458;9684100813;142233467;2019/5/27;26
0013;2336;50;93662262;P3323;2606;9666442740;285557218;2019/9/24;21
0013;3946;50;57555975;P2918;2305;9687692187;217604828;2019/9/20;21
0013;5491;50;22382435;P5336;3393;9661001499;138376200;2018/10/18;25
0013;1087;50;29746769;P2289;3883;9632888028;329527670;2019/7/4;21
0013;6209;50;98741403;P2625;5557;9658474415;312393316;2019/4/23;21
0013;3706;50;59123811;P5521;7532;9674716060;233253897;2019/2/10;27
0013;7610;50;61526003;P3990;2984;9630494145;127525468;2019/1/15;21
0013;7064;50;11452418;P1902;2783;9675672676;68688028;2018/1/1;24
0013;3658;50;32029286;P4635;3173;9669829280;319379961;2020/2/19;21
0013;7742;50;67367601;P5107;3641;9643910028;37290582;2018/4/6;26
0013;7055;50;45182435;P5518;7607;9672947852;65907825;2018/10/12;27
0013;4303;50;62433167;P3869;4527;9635535312;300191207;2019/4/13;25
0013;7494;50;39045688;P3168;5234;9642659518;285174309;2020/1/18;20
0013;3842;50;64383622;P4542;6400;9623175385;122307851;2019/10/20;20
0013;7096;50;34857361;P2207;5828;9674441087;256508959;2019/11/29;24
0013;3332;50;14325651;P5238;4756;9699425383;110400257;2020/1/25;20
0013;6180;50;57564138;P1421;3520;9673818716;337568942;2020/2/14;23
0013;1324;50;63857859;P2354;5860;9693780290;56983220;2018/4/8;22
0013;6990;50;94148843;P3436;4490;9656025198;63838966;2020/2/15;27
0013;1680;50;54161664;P4750;3303;9692262137;263446826;2018/9/16;21
0013;2548;50;73018585;P3284;4819;9699715303;228849427;2019/7/9;24
0013;6826;50;27634296;P2358;3585;9664781692;201021821;2019/6/19;23
0013;7198;50;22154113;P3139;5662;9634414862;123168117;2019/4/8;21
0013;2395;50;18795314;P5210;5229;9667100272;121274203;2020/2/28;24
0013;1393;50;25061359;P5368;6167;9650766061;181732322;2018/9/15;24
0013;4716;50;49135977;P4979;7655;9646206438;177058611;2020/1/21;27
0013;7002;50;30813811;P5446;6430;9698142164;94128187;2019/12/20;21
0013;3045;50;92730475;P1589;4907;9694923893;172761102;2020/2/19;25
0013;7099;50;77111742;P5071;6606;9620512329;182504441;2019/8/23;24
0013;4076;50;55722328;P3592;6886;9685089437;263468526;2020/2/24;22
0013;1824;50;68195862;P1142;7596;9631982112;267088766;2020/1/21;21
0013;2513;50;68516598;P4274;2408;9636991469;214272444;2019/6/21;23
0013;4065;50;39543555;P1780;3482;9693176150;51874487;2019/9/7;25
0013;3373;50;19221883;P5019;3815;9666778583;303927035;2020/2/1;24
0013;2256;50;39276957;P2879;5749;9612366912;181509064;2018/2/4;20
0013;6793;50;42283959;P5097;5846;9677053493;46847508;2020/1/22;23
0013;4514;50;56241815;P1646;2543;9664234736;157083760;2019/4/5;20
0013;4536;50;68395539;P1165;4902;9648640188;344021927;2020/1/11;20
0013;6878;50;89343673;P4615;5594;9612250060;291362832;2020/1/29;24
0013;7329;50;97659584;P3141;3379;9614908531;49147812;2018/2/30;24
0013;3628;50;46428587;P3492;5301;9621976616;255503295;2018/7/30;20
0013;5841;50;47030228;P4061;6796;9617806577;140889820;2020/1/6;24
0013;5303;50;30963228;P3055;2602;9643869758;261666377;2019/5/7;20
0013;3435;50;95540504;P3346;7712;9631964459;89602985;2018/2/12;24
0013;5691;50;70022363;P2480;5964;9664696296;338645609;2018/2/9;24
0013;5667;50;45561615;P1768;7489;9638099465;161168503;2019/11/27;25
0013;4374;50;19102455;P5429;5046;9668900009;118576352;2019/7/1;25
0013;5883;50;61026693;P1669;2315;9661600271;235132571;2018/6/2;25
0013;3047;50;35600215;P2438;7769;9661843762;216625287;2020/2/6;25
0013;5246;50;61921253;P2226;5010;9615770549;187094476;2019/8/28;26
0013;4973;50;39187132;P1361;3557;9631806711;209174539;2018/10/29;24
0013;4993;50;38780640;P5224;7062;9623244480;56869510;2020/1/20;20
0013;2484;50;40132019;P1765;3919;9660153119;186316561;2020/1/23;24
0013;7638;50;96027688;P3286;5475;9666651564;311912974;2019/6/21;21
0013;6992;50;53580719;P5484;2451;9616097533;77586541;2018/9/3;24
0013;4156;50;83273028;P2287;6647;9666132043;88689926;2019/4/8;23
0013;4435;50;24992487;P3516;2767;9683543155;21074941;2020/2/26;22
0013;1009;50;31025297;P2224;2997;9658774803;173647691;2019/10/21;22
0013;1864;50;18045729;P1342;7610;9665485643;284987591;2019/7/23;22
0013;1544;50;14901240;P3436;7583;9642525643;26135805;2018/5/16;27
0013;1989;50;76750631;P4229;7387;9664211739;267378511;2018/2/3;24
0013;7293;50;62448780;P4240;4931;9643077764;297509601;2018/8/13;23
0013;1110;50;19166929;P1388;2264;9670834780;170627921;2019/1/11;21
0013;5875;50;21685514;P3283;5900;9612323157;123973255;2019/7/6;25
0013;1593;50;69228419;P2328;2584;9681256243;82958325;2019/2/9;23
0013;5879;50;33549455;P3161;4338;9691401739;157088838;2019/11/9;24
0013;5251;50;20041861;P5387;5308;9653274141;29282367;2018/11/25;22
0013;6062;50;86635413;P3910;6142;9641259400;327685314;2018/4/8;27
0013;3914;50;16403495;P4911;2990;9654659304;126235367;2019/7/16;22
0013;5461;50;69068402;P1757;5313;9662552149;57937386;2019/10/7;22
0013;3955;50;41740060;P4910;7037;9618592058;268054340;2020/1/30;26
0013;2240;50;11879667;P1385;3128;9631607486;245379115;2019/12/25;20
0013;3666;50;82844928;P4639;3862;9680260553;187381199;2020/1/21;20
0013;6014;50;22266249;P3310;7494;9621080397;161646939;2020/1/10;24
0013;5906;50;41473478;P4602;2736;9673293393;186798262;2019/9/20;20
0013;6069;50;28362968;P2249;6553;9643943759;180971897;2020/2/20;24
0013;4620;50;37247369;P3055;6539;9649453380;241342129;2018/5/29;20
0013;3544;50;40581313;P3248;6539;9618704538;232518240;2019/2/29;25
0013;1728;50;39820875;P1671;5506;9654800765;20433170;2020/2/26;25
0013;1523;50;67726039;P3545;4159;9657843636;161146988;2018/2/4;26
0013;5495;50;38010388;P4112;3125;9641183949;112511502;2018/8/30;26
0013;3915;50;54118593;P4970;6947;9652189645;131017005;2019/10/4;20
0013;3739;50;85480257;P2571;5010;9626025956;180606393;2018/12/22;25
0013;4144;50;71147193;P4197;4212;9673169479;255447252;2018/1/23;27
0013;7102;50;79375395;P2568;6821;9683690679;310386341;2020/2/2;25
0013;1333;50;60870466;P2434;2991;9670759664;296395327;2018/6/29;26
0013;5476;50;87141724;P3468;7022;9614645380;133027126;2018/9/7;20
0013;5669;50;50385869;P1201;7691;9696582570;178459847;2019/3/9;25
0013;3964;50;79043437;P2120;5884;9646906205;64260351;2020/2/10;27
0013;7066;50;75940548;P2755;7122;9615551066;149108831;2019/10/8;25
0013;2218;50;92044518;P3575;3516;9693579422;251952204;2019/9/2;25
0013;7183;50;40447221;P4228;7648;9663608822;285831999;2020/1/11;21
0013;6874;50;67434658;P4972;4741;9637350369;213148285;2018/7/5;20
0013;4035;50;87249705;P2814;6605;9619810183;59926178;2020/1/19;21
0013;1284;50;81905896;P4445;6786;9636409863;253921662;2020/1/17;25
0013;4009;50;15646699;P1319;4857;9640349806;126880852;2019/6/14;22
0013;3717;50;33744765;P1127;6473;9661900392;208822174;2020/2/7;26
0013;5063;50;30390450;P4928;6681;9686090814;117702789;2018/5/13;27
0013;4725;50;36538272;P1436;2825;9659320826;269698602;2020/1/20;22
0013;6198;50;27702940;P5156;4310;9616232477;112985522;2020/2/30;26
0013;1605;50;83318307;P3491;7592;9638556353;303502643;2018/6/29;22
0013;6576;50;12762604;P2556;7442;9622972912;120680083;2020/1/12;21
0013;2635;50;65272979;P4373;7402;9659035735;144342707;2018/7/15;26
0013;1108;50;34578699;P4267;2231;9696921164;161040375;2018/3/18;23
0013;7271;50;71816109;P4883;6166;9626502358;39882432;2020/2/21;27
0013;1561;50;14404193;P1747;4436;9621221909;174642263;2018/7/25;27
0013;4024;50;57331824;P3197;4540;9655662387;188878227;2020/2/21;26
0013;4559;50;86583797;P1819;5916;9646755298;139820014;2019/9/4;23
0013;6285;50;13926642;P5095;4839;9654951582;98437940;2018/3/21;26
0013;5528;50;59877780;P4097;3340;9625865094;323114099;2018/11/18;22
0013;3574;50;76175260;P4539;4536;9695430530;254089734;2020/2/24;23
0013;6444;50;59276741;P4655;4429;9626020703;140556547;2018/1/14;21
0013;4296;50;58237968;P1127;5757;9611847524;76991257;2020/1/27;20
0013;3748;50;29308486;P4018;7289;9656965576;270291431;2019/5/7;24
0013;2872;50;39525625;P2422;7535;9667041369;251846559;2018/5/2;23
0013;2965;50;40238078;P2446;6699;9694129778;31938085;2019/3/24;27
0013;1808;50;30152491;P1240;5374;9646423241;188811526;2020/1/4;20
0013;5475;50;88746197;P1350;5490;9669024151;193707098;2019/12/27;21
0013;1011;50;39461241;P2638;7076;9664057866;316105530;2018/9/15;27
0013;3629;50;53647832;P4030;4479;9670804497;173571810;2019/11/15;23
0013;6291;50;46588997;P2694;5653;9668434763;320686577;2019/12/21;20
0013;2093;50;51704302;P1385;5776;9616322065;118882803;2020/2/4;21
0013;1406;50;43468828;P1866;4461;9647414460;338482393;2018/3/21;23
0013;1796;50;65751077;P2643;4109;9663888890;254355124;2020/1/26;25
0013;1183;50;54868230;P3781;5001;9631695995;158740584;2018/12/22;24
0013;2051;50;37446280;P2284;7704;9687320676;323452017;2020/1/19;23
0013;3587;50;57438171;P4973;5001;9615184383;27237050;2018/1/12;26
0013;5046;50;56354352;P1762;2657;9633846928;196313709;2018/12/15;25
0013;4922;50;57862974;P1210;2405;9628431037;329261724;2018/3/30;25
0013;1997;50;59051486;P5036;7455;9680579781;277935133;2020/2/20;22
0013;3778;50;58057304;P3032;7233;9659018020;289464626;2020/1/16;26
0013;1397;50;23441820;P2191;6821;9638114001;289581866;2018/6/13;22
0013;1577;50;33126348;P3419;5642;9673895922;347364997;2018/8/29;26
0013;4651;50;63045868;P4686;7740;9612655205;231651410;2019/4/19;24
0013;4727;50;72874431;P5416;6437;9650246863;261898245;2020/2/17;20
0013;1013;50;41146083;P3775;3941;9641869878;311059983;2019/7/19;20
0013;7575;50;64949062;P1514;7043;9640074953;41464490;2019/10/16;23
0013;3280;50;93117260;P1456;7053;9698067723;70890489;2019/2/24;21
0013;7106;50;81389618;P1586;6241;9651525815;57116171;2018/8/9;24
0013;2147;50;62194598;P2113;7065;9614582860;230114643;2020/2/29;21
0013;1229;50;31079924;P4445;3943;9683597891;181411849;2018/3/15;23
0013;6920;50;60725976;P1987;3447;9634309721;64099249;2019/8/18;26
0013;1304;50;72876312;P4164;4940;9614432602;257189298;2018/6/10;27
0013;3767;50;18675743;P1129;5087;9658988821;316183830;2019/2/27;21
0013;2601;50;64285914;P3666;2568;9611634790;347180852;2020/2/30;25
0013;2383;50;34409591;P5502;6637;9665936861;55244752;2019/5/5;20
0013;5785;50;11880318;P5376;7026;9681724403;344148318;2018/3/20;22
0013;4576;50;89874733;P1708;4242;9692600821;245245579;2019/8/21;27
0013;5722;50;59723922;P2491;5628;9648629736;84276209;2019/3/23;27
0013;3760;50;85186589;P2008;3075;9683446705;159202239;2020/2/15;22
0013;2313;50;15342584;P1815;4553;9690353899;192920044;2020/1/21;23
0013;2577;50;58755560;P5290;2489;9682097587;80329617;2020/1/26;22
0013;2633;50;13181931;P1275;5429;9618504819;340250285;2018/12/1;24
0013;2516;50;50860379;P4664;6824;9620188614;240418231;2018/1/6;21
0013;4781;50;37407843;P2950;5274;9650552180;106840890;2020/2/18;24
0013;4407;50;82286423;P4531;4303;9683594022;128691741;2018/6/17;24
0013;2600;50;25070894;P2576;6246;9640504831;276890034;2018/2/23;26
0013;5074;50;62356698;P4420;4774;9653262316;78642931;2018/11/16;25
0013;2476;50;53994739;P4892;6386;9676514095;213253811;2020/1/28;20
0013;2571;50;25856894;P1330;4858;9680302090;22421401;2018/5/30;24
0013;1558;50;65685109;P1595;6438;9618410948;164997926;2019/9/19;23
0013;6007;50;31707177;P2336;3454;9624451033;214218297;2020/2/27;27
0013;4751;50;25298569;P2271;6286;9668479095;108080800;2020/2/16;26
0013;2630;50;84205925;P4722;7246;9667509031;185553930;2019/10/7;23
0013;3448;50;63057218;P5439;6074;9663267698;193365837;2019/7/6;24
0013;7378;50;30171083;P4755;3635;9625087705;271531155;2020/1/6;25
0013;3098;50;85484035;P5151;5233;9646035449;24517019;2020/1/19;25
0013;5275;50;19878163;P5152;2374;9686745238;69401525;2020/1/12;27
0013;6329;50;75823556;P4771;7710;9652269798;343437774;2020/1/27;23
0013;6638;50;24322169;P3856;7052;9636119531;265578785;2018/1/6;24
0013;4970;50;33986217;P1235;7230;9611231496;26031802;2018/10/18;20
0013;2414;50;51797084;P5251;4071;9631700158;208963575;2020/1/4;21
0013;4004;50;77938039;P1832;5130;9658900779;52747509;2019/3/13;25
0013;2443;50;41266900;P5047;5648;9632280794;230837005;2018/6/7;25
0013;6134;50;42433608;P2331;3691;9660872977;163307530;2020/1/14;25
0013;5315;50;42926481;P2774;7155;9687351160;74189123;2018/5/22;25
0013;2132;50;77401769;P2655;3123;9656828500;238027383;2020/2/26;27
0013;1292;50;30543240;P4927;5247;9699135472;187268190;2020/1/18;20
0013;2653;50;74616083;P2633;6130;9697570441;233780801;2019/3/21;26
0013;4214;50;54760475;P1860;6629;9676015984;63519990;2018/1/29;21
0013;4372;50;91899788;P2499;7182;9612126532;35917346;2018/10/27;26
0013;5184;50;32551285;P1850;4763;9635781054;30055743;2019/3/3;21
0013;2623;50;34163709;P4237;3093;9695484821;57887282;2020/2/14;25
0013;6841;50;96071046;P5027;4541;9674580571;321953467;2019/12/13;22
0013;5442;50;31751099;P2063;2809;9647218865;78164556;2020/2/23;25
0013;2829;50;21844664;P2674;5085;9646092077;107150160;2018/12/19;27
0013;1067;50;71967335;P5440;3433;9666807551;212944209;2019/10/9;20
0013;2734;50;97580652;P3976;4872;9645792205;287517708;2018/6/16;23
0013;1169;50;28858458;P3704;2247;9686234805;234232073;2019/4/29;23
0013;4199;50;78151480;P2197;2515;9697357306;241645761;2019/12/16;27
0013;2197;50;27387165;P1291;3192;9637309776;110755633;2020/2/21;21
0013;6964;50;15385440;P3867;3714;9622555872;178488976;2020/1/8;25
0013;6109;50;54322850;P3659;7596;9658484596;145395866;2019/2/1;27
0013;3544;50;78883526;P4067;6597;9648127205;84702320;2019/11/6;22
0013;6407;50;95901291;P4858;7675;9618475508;36593917;2019/8/16;24
0013;3607;50;72743055;P5284;2469;9690255265;160519635;2018/11/2;25
0013;6635;50;24878915;P5461;5017;9695845595;175982652;2018/7/13;22
0013;5695;50;26996820;P3381;3640;9628098132;347444261;2019/5/1;24
0013;6773;50;35774290;P4326;4956;9634779650;151058833;2019/6/22;24
0013;4623;50;33265146;P5501;4889;9627129448;283147937;2020/2/19;24
0013;3097;50;79053981;P3659;4672;9634266651;95177792;2019/12/19;22
0013;4992;50;56070523;P4998;2906;9652828374;160439998;2019/4/18;20
0013;5983;50;99274078;P1374;4383;9684065027;308515993;2020/1/25;26
0013;1796;50;66681829;P5142;7643;9672693625;86197455;2020/1/16;23
0013;2183;50;26990769;P3726;6326;9662366962;159776027;2020/2/1;25
0013;4063;50;30125544;P5305;3238;9655408835;29585328;2018/10/12;20
0013;5341;50;71215226;P2366;4196;9669265820;291318305;2020/2/19;20
0013;3804;50;26344323;P4910;7316;9668524006;150061599;2018/7/6;24
0013;5955;50;20861513;P5202;2627;9663816858;62034454;2020/2/20;24
0013;2907;50;89861873;P4886;7465;9682898791;297603411;2018/7/4;21
0013;5971;50;15128209;P2921;6622;9614437853;110678277;2019/9/27;21
0013;1819;50;29386273;P3700;7772;9679337213;251931842;2020/1/18;21
0013;7117;50;42564802;P1911;7701;9674260849;337190312;2020/1/9;22
0013;2205;50;40329073;P1896;6967;9693067152;154082979;2019/7/21;20
0013;7056;50;74332730;P1178;2691;9651099646;229934924;2018/8/6;26
0013;6205;50;94079968;P1768;4333;9636314803;108382494;2019/9/11;27
0013;1821;50;29048239;P2034;4497;9656066978;158514784;2019/7/7;26
0013;1909;50;69421209;P1853;4622;9639536749;340825445;2019/5/8;23
0013;2428;50;53772156;P3559;3334;9677394184;193754326;2018/11/28;23
0013;6712;50;89201860;P2977;3438;9677557720;86536613;2018/8/18;25
0013;4295;50;34769563;P1910;2369;9679286313;119585565;2018/4/30;25
0013;5226;50;45226931;P4525;4456;9640436999;174073741;2018/5/29;25
0013;1077;50;78506013;P5202;4210;9652833331;185457588;2019/10/26;21
0013;3869;50;79465000;P2759;5662;9669277718;107896554;2018/2/25;25
0013;5924;50;81562220;P4603;4441;9630853957;241638504;2018/11/12;22
0013;5610;50;86942024;P1478;5213;9675999498;221364897;2020/1/2;23
0013;4645;50;84021243;P2794;7343;9649043687;129766450;2019/9/20;26
0013;3053;50;59870857;P1614;2849;9631291586;32152071;2019/12/2;26
0013;5129;50;72561793;P5547;6613;9620756483;316029211;2019/8/5;25
0013;7732;50;43123258;P5516;6814;9660474969;276679665;2018/10/20;20
0013;2054;50;71229254;P4640;7200;9659603139;219782160;2020/1/10;22
0013;6525;50;18534678;P2209;2919;9654934439;100322045;2019/6/27;20
0013;2115;50;72005651;P1360;6560;9616570783;314529390;2018/6/17;20
0013;6348;50;12744451;P2867;6727;9691059972;76588964;2020/2/10;27
0013;2002;50;62947081;P1218;2739;9658644072;123762595;2020/2/18;24
0013;2346;50;29674800;P3698;5768;9654469079;68799470;2020/1/17;25
0013;1950;50;47494076;P1542;7150;9698535191;120842498;2018/2/10;21
0013;5124;50;14172093;P4287;5853;9646414356;245560105;2020/2/14;21
0013;3836;50;68115290;P1827;6422;9639139577;84211308;2019/8/11;21
0013;2654;50;67685127;P3892;4489;9687668895;29059121;2018/6/19;22
0013;5853;50;80171677;P2439;4789;9666834197;283572982;2019/2/22;23
0013;7273;50;67420847;P5432;7434;9674458076;286984411;2018/10/19;21
0013;4149;50;44741612;P1286;3031;9667946621;125425551;2019/11/28;21
0013;6015;50;53320201;P3743;4477;9686591299;102043382;2018/1/15;26
0013;2099;50;11998900;P2316;3591;9647464762;346591324;2018/12/12;20
0013;2133;50;47114576;P1598;6836;9651988756;203327557;2020/2/17;23
0013;4112;50;42468044;P3330;3068;9684287661;226360147;2018/4/23;20
0013;5474;50;32772609;P4112;7036;9675905685;147414933;2020/1/5;20
0013;4800;50;21212006;P1938;4934;9650847298;216245408;2020/2/13;27
0013;2733;50;34534026;P2847;6910;9631792330;103432475;2018/12/15;24
0013;7668;50;12929623;P2670;3471;9622945535;259834264;2020/2/21;20
0013;6557;50;42606233;P1135;5751;9616469570;101512470;2019/11/8;22
0013;6882;50;68165587;P1768;6832;9616211979;22843292;2018/3/6;25
0013;4796;50;45477601;P4372;5789;9644499210;311885142;2020/2/8;26
0013;1613;50;88885474;P1431;6365;9664207844;66948723;2019/8/27;20
0013;7670;50;30574547;P4048;3607;9636350636;161472653;2020/2/27;23
0013;6002;50;15697970;P2188;6880;9664719405;136918596;2020/2/15;20
0013;2734;50;24499429;P1807;3180;9660280886;279390275;2018/5/8;27
0013;4549;50;49635109;P1723;2708;9682431830;194645896;2020/1/16;24
0013;7539;50;50125993;P1544;3103;9676966981;141867688;2020/2/6;23
0013;5745;50;90356446;P2312;5743;9645878463;248004437;2019/3/15;26
0013;6801;50;68231875;P4643;3638;9653772198;184903954;2019/6/23;27
0013;2164;50;23190867;P3062;4175;9669760029;284484014;2020/1/13;21
0013;1271;50;95077515;P1323;6462;9693073142;68214825;2020/1/19;27
0013;3398;50;78694779;P2032;3647;9632432835;249749128;2020/1/24;22
0013;2056;50;64232198;P1355;6108;9641350843;180743296;2018/6/12;22
0013;7725;50;13411574;P5432;4773;9692917569;261239743;2018/5/6;22
0013;6453;50;62787570;P5007;4132;9698363799;105244457;2018/1/28;24
0013;7431;50;97895316;P5149;6524;9634773846;279293884;2019/2/19;27
0013;2819;50;55927184;P3409;6664;9671671631;55452028;2019/1/13;23
0013;2362;50;13793148;P2885;3563;9652174404;122810294;2020/2/12;20
0013;1743;50;39373716;P2481;4906;9645750357;55840625;2019/9/2;22
0013;1736;50;13711598;P4778;5267;9665645473;69377473;2018/2/17;23
0013;5874;50;84222605;P5500;4814;9681272573;148470179;2019/12/9;25
0013;1826;50;27679461;P1925;2864;9614394964;293429086;2020/2/4;21
0013;4982;50;67396721;P1499;6618;9665227206;246103168;2019/5/30;21
0013;7277;50;85554078;P5182;5146;9650155124;274100951;2020/1/19;21
0013;5002;50;85971830;P4967;3789;9697231414;20242400;2019/11/17;24
0013;2333;50;55410266;P4110;3201;9612052938;335168270;2020/1/8;21
0013;4971;50;43793568;P4650;4815;9613925783;171748986;2018/8/9;20
0013;4963;50;42931549;P2446;6881;9632613324;141417288;2019/5/28;20
0013;4265;50;87958858;P1715;3865;9660805732;254777510;2020/1/15;27
0013;5725;50;36835993;P2084;5253;9613830738;325567179;2020/1/20;27
0013;6746;50;83595484;P3138;2786;9622178216;107536495;2019/2/29;25
0013;7447;50;58906489;P5103;7190;9682840367;328680767;2020/1/14;26
0013;3191;50;96320489;P2718;4599;9615995352;287466931;2019/6/22;23
0013;5036;50;42864364;P5143;3567;9665294485;40619914;2020/1/11;25
0013;5852;50;45691525;P2133;6330;9679498950;267610634;2019/10/17;22
0013;5709;50;23701468;P5487;5086;9695567794;235052183;2020/1/20;20
0013;3028;50;83338617;P4631;4271;9640069304;284104968;2019/12/12;24
0013;5718;50;16123283;P2103;5039;9697946754;271448411;2018/7/14;21
0013;1387;50;60373619;P1411;5237;9627952591;347696615;2019/11/18;22
0013;6760;50;28410933;P3642;2332;9651840131;199639842;2019/10/2;26
0013;4245;50;31871807;P2439;6337;9650330325;233094552;2020/1/9;20
0013;2147;50;23273945;P1405;5948;9661411845;50654230;2018/2/1;21
0013;2796;50;75549203;P3606;4983;9631526810;220737855;2019/6/1;21
0013;6441;50;48722149;P2196;7014;9699497603;268254774;2019/1/14;22
0013;5346;50;75253860;P5013;6748;9643137320;239665351;2019/10/15;23
0013;6508;50;57268338;P3056;3627;9615819413;268321799;2019/1/3;23
0013;7179;50;92821424;P2721;5050;9656735184;331146276;2019/6/18;22
0013;5861;50;63358842;P2850;5734;9682544979;164459545;2020/2/27;27
0013;3448;50;47999505;P4562;6984;9674393773;127505520;2019/7/14;24
0013;3349;50;40010832;P2768;6140;9641559056;111491032;2020/1/22;26
0013;7587;50;66076144;P5029;5716;9644993642;267195951;2018/10/28;22
0013;2691;50;18632873;P2701;4847;9637499797;73579116;2020/2/18;21
0013;3092;50;15070857;P4897;4673;9660592715;267424252;2020/1/7;20
0013;6122;50;38878895;P1539;4410;9677588325;76715998;2019/1/30;24
0013;4876;50;79019651;P2996;6439;9641134179;21463523;2018/11/19;24
0013;1991;50;18558064;P1995;3986;9612213415;210056744;2019/6/29;27
0013;5238;50;24517633;P3480;3475;9674008841;206620251;2019/1/28;22
0013;5951;50;63525888;P1986;6696;9628203170;290234848;2019/7/9;27
0013;2875;50;21247488;P3826;3206;9662473620;116709028;2018/12/24;24
0013;6256;50;85124937;P1810;7152;9691892654;171240864;2020/2/16;21
0013;5170;50;78245621;P5507;6847;9649948268;254952230;2020/2/17;24
0013;2957;50;47839005;P5166;5695;9646745288;228132379;2020/1/25;25
0013;2915;50;76627420;P5275;2929;9636756511;345452732;2018/3/7;23
0013;2690;50;57666573;P4618;4999;9629988077;331383418;2019/7/12;22
0013;7764;50;56701308;P4317;7051;9644882071;141174143;2018/4/24;22
0013;3011;50;52343440;P4651;4655;9689981578;293764564;2019/2/16;27
0013;1625;50;25462350;P2417;3062;9668497255;288828241;2018/9/17;26
0013;5786;50;55981448;P5376;3918;9645389232;75042060;2018/10/5;26
0013;3450;50;50387627;P1904;6439;9677260001;24976948;2019/9/1;20
0013;6618;50;13971745;P5371;7053;9651501460;100079996;2019/3/11;20
0013;2650;50;77271698;P3317;6685;9643943718;300326391;2020/1/5;20
0013;4040;50;39896395;P1466;5236;9671164486;51652314;2019/5/7;25
0013;3356;50;37209315;P3374;2435;9654255934;221088827;2019/4/20;22
0013;1513;50;35974878;P4590;2408;9642984287;166773090;2020/1/18;22
0013;7334;50;29763572;P3208;4372;9650642144;43449465;2020/2/10;21
0013;5620;50;50811077;P1341;5673;9654740798;153331617;2020/2/1;23
0013;7436;50;46175648;P2315;6627;9640148117;308018530;2018/4/30;25
0013;7727;50;69504281;P3317;5428;9650850625;245164434;2019/1/23;21
0013;1776;50;87523198;P4969;4258;9648041699;282001759;2020/1/3;24
0013;1270;50;80529464;P4356;7034;9684194726;290683377;2020/2/25;21
0013;1984;50;83258819;P1185;7012;9657167640;61939595;2020/1/29;20
0013;4953;50;83662467;P2122;3222;9624801546;182931136;2019/2/29;27
0013;1865;50;47370201;P4693;7115;9662234565;72559173;2018/9/8;23
0013;1581;50;98828931;P5061;2870;9682828892;199589483;2019/3/7;26
0013;3136;50;85444698;P3843;3518;9683777421;211817344;2020/1/27;22
0013;6787;50;17961698;P2730;4662;9631204991;227774333;2019/2/10;24
0013;5206;50;63281302;P5494;4170;9650895539;156411994;2018/6/18;21
0013;6802;50;61251441;P2993;6048;9655989717;344944919;2019/1/17;27
0013;7436;50;78610066;P3127;7389;9633298894;320338222;2019/10/1;21
0013;1614;50;46413585;P2219;6957;9631843684;102810455;2019/6/6;25
0013;7107;50;78715926;P1801;3249;9687922755;46705357;2019/4/16;22
0013;5007;50;94357518;P1223;4752;9627464313;251090884;2020/2/7;21
0013;6737;50;75250029;P3460;6180;9646955860;147020841;2018/12/9;24
0013;6922;50;55864058;P2971;2673;9634697063;31800331;2019/8/18;25
0013;5643;50;74718909;P4689;4045;9671331419;23623163;2019/3/3;25
0013;6963;50;94431545;P4438;5423;9612289090;306100619;2019/3/9;25
0013;3850;50;30335852;P3289;3569;9663682338;102735390;2018/3/26;22
0013;5480;50;64714797;P1606;5262;9693631909;206965438;2018/5/3;20
0013;6837;50;42200100;P3187;5618;9658267382;280926616;2019/12/6;24
0013;5297;50;11941777;P1559;5699;9631348003;267353143;2019/7/24;27
0013;3624;50;31148543;P3437;3900;9652083429;75926238;2018/10/26;26
0013;4736;50;24606196;P3878;7530;9650585745;260478959;2018/1/23;25
0013;1567;50;60350538;P3798;4566;9675565868;335045944;2019/4/25;21
0013;7627;50;30947134;P5337;3988;9680002919;100594623;2018/1/14;20
0013;6031;50;77926862;P1463;7050;9679701304;82382638;2019/11/17;25
0013;7539;50;98803698;P2857;6625;9644824567;224464151;2019/11/5;26
0013;4208;50;17372872;P5549;3719;9653494323;53238087;2019/8/26;25
0013;6985;50;16897949;P3642;3069;9629071716;256754307;2020/1/14;22
0013;3713;50;95640132;P1651;2848;9644573504;98770916;2018/4/16;26
0013;7487;50;62090501;P1734;4149;9657369107;148955274;2018/7/6;23
0013;4990;50;85374852;P2832;3711;9678821968;252981698;2020/1/9;22
0013;6009;50;24912444;P5172;3020;9650772115;253837206;2018/1/25;27
0013;2450;50;89825896;P3183;4831;9669453254;285134618;2019/8/1;24
0013;3003;50;12876783;P1762;5697;9664538999;75930852;2020/1/18;27
0013;1363;50;38735083;P2553;3352;9614849913;227670964;2018/1/19;27
0013;5584;50;99452964;P4669;4236;9615535289;96897082;2020/1/30;23
0013;1547;50;66115965;P3404;6295;9632387015;250288140;2019/3/23;23
0013;4638;50;79403393;P2747;7666;9685975239;111563560;2018/2/6;20
0013;6513;50;51513183;P4140;3413;9650689460;147228877;2019/1/10;24
0013;6546;50;58266528;P1616;7456;9630424407;244873538;2019/1/8;27
0013;4405;50;90524897;P4530;3842;9685445043;101064078;2019/8/26;21
0013;4364;50;54913780;P1458;7052;9687158805;61471777;2020/1/13;25
0013;7773;50;57187367;P3632;5641;9639954557;100414519;2018/8/21;22
0013;1814;50;53300280;P2658;6359;9625348120;199109449;2020/1/26;26
0013;5626;50;88783839;P2399;3730;9611790626;299877548;2020/2/18;22
0013;2184;50;14092968;P5249;5123;9662013064;159599342;2020/1/17;21
0013;2315;50;70233097;P3374;4017;9638399352;124540143;2018/7/4;24
0013;3798;50;12040672;P1799;5171;9690445882;218228940;2018/12/23;21
0013;6059;50;19022225;P4285;4308;9618738955;129047004;2020/1/6;22
0013;6269;50;85340870;P2680;6488;9631461403;164032340;2020/1/4;25
0013;3733;50;54975933;P3955;7699;9655460525;162214552;2020/1/15;23
0013;7058;50;15120519;P5041;2350;9662741153;232169755;2019/4/19;21
0013;5887;50;74872302;P1659;4395;9625152086;145086270;2018/4/14;25
0013;6199;50;45821518;P3920;6186;9677850544;159208092;2019/7/9;22
0013;3877;50;18471079;P2266;5611;9653235770;222497553;2018/1/21;23
0013;3334;50;90339121;P5280;5630;9672734612;323018366;2019/3/2;26
0013;2030;50;38990041;P3325;4031;9644999462;226071412;2018/4/1;26
0013;7231;50;89185273;P3218;5202;9674786506;168715775;2020/2/6;20
0013;7560;50;25904842;P4519;7163;9633949151;265252819;2020/1/28;27
0013;1390;50;11128542;P1432;3354;9632832621;31869257;2020/2/11;22
0013;6076;50;36298115;P1793;6967;9649068958;256011360;2018/8/20;23
0013;1634;50;62581481;P4878;4317;9665662198;34996027;2019/6/16;20
0013;1384;50;33287241;P3001;6425;9688232382;286161558;2018/9/24;21
0013;2250;50;53921652;P4560;7457;9641830722;213405141;2019/2/10;23
0013;6619;50;39366822;P1415;4119;9652764854;258872851;2020/1/13;21
0013;1844;50;98616118;P3794;3015;9638519299;289614567;2019/5/8;25
0013;1021;50;54247833;P2420;3696;9679648088;39991520;2019/3/5;24
0013;6781;50;20431030;P5105;5909;9614813540;63900202;2018/5/7;25
0013;3177;50;40676210;P4473;5956;9641177573;102124666;2019/5/12;23
0013;6901;50;13351683;P2131;5958;9632415182;197276551;2019/12/26;21
0013;2340;50;62787350;P4979;4884;9683315163;148145034;2018/2/21;24
0013;4444;50;27874413;P2033;3081;9628457408;20318579;2018/6/21;26
0013;3018;50;85920265;P4384;3716;9671322842;74383016;2019/7/17;27
0013;6197;50;97933150;P4701;6676;9646769080;131641251;2018/1/12;20
0013;2990;50;81129421;P3577;4292;9636683000;133179560;2020/1/2;27
0013;6706;50;69686009;P4413;7703;9653517230;77489974;2018/5/8;24
0013;6585;50;62956436;P3267;5237;9684971485;218608589;2020/1/27;22
0013;7039;50;94640196;P4056;5822;9636998103;124057948;2018/5/6;20
0013;1809;50;93231156;P4666;3602;9654268535;54214557;2019/5/3;21
0013;7419;50;46413002;P2783;6771;9628988585;322756105;2020/1/17;23
0013;1287;50;35944896;P2247;3882;9699788707;53944116;2018/11/3;21
0013;4359;50;18768572;P1134;5215;9635846480;308407177;2020/2/24;21
0013;4474;50;70263189;P2364;7226;9611483287;86899222;2019/5/29;24
0013;6440;50;24467909;P2178;5451;9686768639;198254811;2020/2/12;20
0013;1689;50;76625742;P5026;4159;9626401702;198609918;2018/5/3;25
0013;3908;50;44282218;P3184;2655;9679479421;260871351;2018/6/23;20
0013;6305;50;24456161;P1459;5816;9676563956;104200204;2020/2/6;23
0013;2353;50;78159501;P5255;2847;9668602928;27369894;2018/2/14;20
0013;1166;50;54257456;P4940;7648;9674682500;69881533;2019/2/30;24
0013;3644;50;82683245;P2719;7291;9672813331;294847864;2018/12/6;27
0013;5304;50;92982317;P5114;5042;9668389147;70923540;2018/5/7;23
0013;3524;50;71743453;P4669;4092;9618855824;334330289;2019/1/23;26
0013;7182;50;33163098;P2497;6251;9645986805;324756349;2018/10/4;27
0013;1467;50;71507209;P2848;6108;9657993062;333385317;2020/1/2;23
0013;7462;50;24651183;P4039;3561;9659994225;235069969;2018/1/13;27
0013;5633;50;84686359;P1984;7425;9640586572;52308558;2020/1/8;20
0013;1451;50;45102869;P5025;4641;9629817965;181518283;2018/8/27;24
0013;4907;50;23890398;P2800;6453;9636107754;318705203;2018/10/5;27
0013;6771;50;16750296;P4024;6773;9683063725;118202673;2020/1/28;24
0013;1689;50;59050556;P1466;4006;9628538654;161893168;2020/1/12;21
0013;1295;50;46761335;P3726;7214;9641423206;318489701;2019/11/30;22
0013;4850;50;81444172;P4534;5692;9660472754;267624548;2019/11/8;27
0013;6574;50;69387255;P4029;5434;9640691028;264328544;2020/2/9;20
0013;6888;50;76309126;P2074;4090;9655191377;330051166;2020/1/2;22
0013;6470;50;80091858;P3031;2311;9692282771;280320099;2019/7/30;21
0013;5868;50;74976596;P2521;6233;9635940855;20189530;2018/3/25;25
0013;2108;50;32842588;P2873;4112;9612046685;164706715;2018/8/17;25
0013;1016;50;84896824;P2561;2680;9675549656;235363922;2019/8/1;26
0013;2689;50;14989543;P2764;6571;9690155797;334680253;2020/1/25;27
0013;5073;50;87233255;P2781;2338;9628499643;152780248;2018/4/29;26
0013;6883;50;54187784;P4096;3072;9673730133;312445095;2018/10/9;25
0013;7106;50;40064267;P3341;3279;9671932575;101801166;2018/9/16;23
0013;3929;50;85432993;P3286;5194;9625334465;165195993;2020/2/13;25
0013;1048;50;26253253;P2412;2504;9671185817;211819129;2018/12/7;25
0013;5638;50;85962115;P2833;3365;9620860598;124472497;2020/2/11;24
0013;2360;50;64329781;P2221;7068;9658750584;132299376;2020/2/29;24
0013;2426;50;54245443;P3488;4754;9667637179;159697240;2018/10/4;24
0013;7450;50;32554887;P2739;3240;9691088739;271039873;2020/2/15;20
0013;5503;50;39480989;P4575;2305;9645166735;321937721;2020/1/3;20
0013;2403;50;34029655;P4673;6500;9668371731;176870766;2020/1/16;26
0013;3220;50;35303294;P5365;5570;9636552735;112274988;2019/11/29;21
0013;1510;50;42895578;P2748;2320;9692487291;317104671;2018/10/27;24
0013;3272;50;93604510;P5243;4122;9641963897;322885431;2019/12/11;22
0013;3871;50;89807138;P2787;4608;9612107237;22043513;2020/2/17;23
0013;4763;50;65445030;P1659;6091;9696656860;105828998;2019/7/14;25
0013;5787;50;69885839;P4271;5815;9646111180;67056764;2018/7/15;21
0013;3266;50;67296396;P1278;7169;9616346733;347919681;2019/3/29;20
0013;2779;50;56671361;P5217;2459;9635911489;159668147;2018/12/3;20
0013;1368;50;44320511;P4697;2486;9668883961;338861589;2020/2/4;21
0013;2612;50;70928468;P1537;3764;9649632874;52743754;2020/2/17;23
0013;7527;50;22620651;P2632;5455;9624727084;197704620;2018/2/22;25
0013;4746;50;67987898;P1601;3699;9667268701;77277046;2019/7/21;24
0013;3768;50;26563535;P4925;4784;9694149301;201504413;2019/1/15;24
0013;5865;50;21549520;P3766;5385;9669259831;194380821;2019/10/22;22
