ENTIDAD;OFICINA2;CONTRATO2;SALDO;FEULIQ;T.E.A
0013;1002;9640523641;262053153;2018/4/13;22
0013;1007;9675849037;274879943;2020/1/20;21
0013;1009;9633989627;86912816;2020/2/10;25
0013;1009;9669804017;173647691;2019/10/21;22
0013;1011;9613500504;316105530;2018/9/15;27
0013;1013;9631087823;311059983;2019/7/19;20
0013;1016;9621345377;235363922;2019/8/1;26
0013;1021;9633859315;39991520;2019/3/5;24
0013;1028;9642164798;305163340;2018/6/28;26
0013;1035;9643845312;156641099;2019/2/20;21
0013;1048;9647790027;211819129;2018/12/7;25
0013;1058;9637680656;186187743;2020/2/25;20
0013;1066;9634090003;335155751;2019/6/3;24
0013;1067;9669251658;212944209;2019/10/9;20
0013;1077;9632898335;185457588;2019/10/26;21
0013;1087;9640925768;329527670;2019/7/4;21
0013;1108;9693147835;161040375;2018/3/18;23
0013;1110;9626391610;170627921;2019/1/11;21
0013;1132;9671610351;91827719;2020/2/30;20
0013;1151;9668259243;110017212;2019/1/9;26
0013;1166;9644226327;69881533;2019/2/30;24
0013;1169;9654451039;234232073;2019/4/29;23
0013;1173;9699156081;135463217;2018/4/22;23
0013;1177;9659586279;56436048;2018/2/13;22
0013;1183;9640451775;158740584;2018/12/22;24
0013;1190;9636787527;253126782;2020/2/16;24
0013;1192;9653109485;279280430;2018/2/21;27
0013;1197;9680325742;200100241;2019/1/2;27
0013;1208;9676820265;201281686;2018/5/10;27
0013;1218;9656238206;274021432;2019/3/28;26
0013;1229;9671586139;181411849;2018/3/15;23
0013;1248;9629234313;298976886;2020/2/20;25
0013;1256;9693632240;26292640;2020/1/19;25
0013;1259;9675334607;129243571;2018/2/22;23
0013;1268;9694724291;234831536;2019/3/1;22
0013;1270;9642618647;290683377;2020/2/25;21
0013;1271;9624099156;68214825;2020/1/19;27
0013;1284;9691706694;253921662;2020/1/17;25
0013;1287;9682435730;53944116;2018/11/3;21
0013;1287;9687671504;130108164;2020/2/5;22
0013;1290;9690920340;160123727;2019/3/2;26
0013;1290;9694512918;283092073;2020/1/15;23
0013;1292;9669506806;187268190;2020/1/18;20
0013;1295;9691833884;318489701;2019/11/30;22
0013;1304;9655710869;257189298;2018/6/10;27
0013;1314;9625804073;117688830;2019/9/29;27
0013;1324;9693066708;56983220;2018/4/8;22
0013;1333;9672650119;105788821;2019/6/7;26
0013;1333;9688763592;296395327;2018/6/29;26
0013;1336;9655221970;43635806;2019/10/12;22
0013;1343;9683377683;34872394;2018/4/6;20
0013;1358;9634313160;166550979;2018/4/23;26
0013;1363;9676626548;227670964;2018/1/19;27
0013;1368;9639740386;338861589;2020/2/4;21
0013;1382;9644494524;119179157;2019/12/5;21
0013;1384;9664367606;286161558;2018/9/24;21
0013;1387;9682871141;347696615;2019/11/18;22
0013;1390;9650201356;31869257;2020/2/11;22
0013;1393;9624953471;181732322;2018/9/15;24
0013;1393;9655174569;104719789;2020/2/26;26
0013;1396;9659916662;62417689;2019/2/14;22
0013;1397;9663473518;289581866;2018/6/13;22
0013;1406;9637110249;338482393;2018/3/21;23
0013;1410;9656748529;243970974;2018/12/8;22
0013;1412;9686497364;215930683;2020/1/4;21
0013;1434;9678075734;178345054;2019/11/25;24
0013;1436;9671971726;203126864;2019/4/1;25
0013;1451;9641936791;181518283;2018/8/27;24
0013;1464;9693081074;34038382;2018/12/9;21
0013;1467;9627023865;333385317;2020/1/2;23
0013;1505;9681629884;164362342;2018/5/15;25
0013;1509;9663016403;120268904;2018/9/7;25
0013;1510;9617817711;317104671;2018/10/27;24
0013;1513;9628832221;166773090;2020/1/18;22
0013;1522;9678331269;265408261;2020/1/30;22
0013;1523;9668531845;161146988;2018/2/4;26
0013;1526;9658537329;276258403;2018/2/9;26
0013;1544;9680647694;26135805;2018/5/16;27
0013;1547;9698411836;250288140;2019/3/23;23
0013;1548;9688310440;253510510;2019/6/10;25
0013;1550;9678003172;52778284;2019/5/23;24
0013;1556;9624878222;99153117;2019/2/29;21
0013;1558;9644642756;164997926;2019/9/19;23
0013;1561;9623209106;174642263;2018/7/25;27
0013;1565;9660317515;148270135;2020/2/18;25
0013;1567;9651773303;335045944;2019/4/25;21
0013;1570;9611806873;286131265;2019/7/30;24
0013;1577;9686071324;347364997;2018/8/29;26
0013;1581;9654291685;199589483;2019/3/7;26
0013;1590;9648168739;335545295;2020/2/5;20
0013;1592;9675131985;156005514;2019/2/3;20
0013;1593;9659723218;82958325;2019/2/9;23
0013;1603;9613752295;195742643;2020/1/13;22
0013;1605;9680571488;303502643;2018/6/29;22
0013;1610;9628980207;267323040;2020/2/18;25
0013;1612;9611413457;178787122;2020/1/8;22
0013;1613;9634421809;66948723;2019/8/27;20
0013;1614;9617472533;102810455;2019/6/6;25
0013;1625;9626155799;288828241;2018/9/17;26
0013;1628;9644534903;195489901;2020/1/30;25
0013;1634;9635935578;34996027;2019/6/16;20
0013;1634;9661223253;278750159;2018/11/10;27
0013;1663;9638233527;205191710;2018/5/19;27
0013;1680;9685816270;263446826;2018/9/16;21
0013;1689;9639346929;198609918;2018/5/3;25
0013;1689;9691221490;161893168;2020/1/12;21
0013;1714;9658549877;204086066;2019/5/15;26
0013;1716;9622448680;165646650;2020/2/17;20
0013;1721;9614341598;161849767;2019/9/11;20
0013;1728;9626233516;20433170;2020/2/26;25
0013;1736;9640074009;69377473;2018/2/17;23
0013;1739;9667818728;262872088;2020/1/16;21
0013;1743;9627845982;55840625;2019/9/2;22
0013;1764;9665124549;251804696;2019/6/20;26
0013;1766;9679468094;225127137;2020/2/12;27
0013;1773;9667174376;118289812;2019/9/24;23
0013;1776;9650704769;282001759;2020/1/3;24
0013;1782;9624176844;67719322;2019/12/14;27
0013;1793;9642818370;214042090;2019/11/26;27
0013;1796;9626907462;86197455;2020/1/16;23
0013;1796;9658782625;254355124;2020/1/26;25
0013;1808;9616237785;188811526;2020/1/4;20
0013;1809;9677489377;54214557;2019/5/3;21
0013;1814;9655615798;199109449;2020/1/26;26
0013;1819;9682275930;251931842;2020/1/18;21
0013;1821;9671687063;158514784;2019/7/7;26
0013;1824;9650030107;267088766;2020/1/21;21
0013;1826;9611620753;293429086;2020/2/4;21
0013;1827;9654744326;91508065;2019/10/12;25
0013;1844;9652762145;289614567;2019/5/8;25
0013;1858;9693568197;236543611;2018/12/10;24
0013;1864;9677749463;284987591;2019/7/23;22
0013;1865;9645494608;72559173;2018/9/8;23
0013;1870;9684596483;89023965;2019/9/3;27
0013;1875;9660527170;85093491;2018/9/8;20
0013;1889;9640060772;330899641;2020/2/24;27
0013;1892;9678284733;338617434;2019/6/27;20
0013;1897;9687705459;316266051;2019/10/23;21
0013;1909;9683865439;340825445;2019/5/8;23
0013;1928;9614025423;214922178;2018/7/12;21
0013;1950;9684942851;120842498;2018/2/10;21
0013;1960;9620307920;62382434;2018/3/29;21
0013;1961;9617405291;255788328;2019/8/17;21
0013;1969;9684772241;166086550;2020/2/21;26
0013;1972;9632318355;317544032;2018/4/13;22
0013;1984;9653904833;61939595;2020/1/29;20
0013;1984;9676750293;302741647;2020/2/25;23
0013;1989;9630075299;267378511;2018/2/3;24
0013;1991;9676335441;186276880;2018/11/9;22
0013;1991;9694989456;210056744;2019/6/29;27
0013;1994;9684554482;300626668;2019/3/4;27
0013;1997;9636403266;277935133;2020/2/20;22
0013;2002;9621400785;123762595;2020/2/18;24
0013;2016;9615205290;102339283;2020/2/17;20
0013;2017;9641485680;239123631;2020/1/13;21
0013;2025;9658569374;143286366;2018/6/14;20
0013;2030;9689849190;226071412;2018/4/1;26
0013;2044;9624182769;158678511;2020/2/5;24
0013;2049;9656036105;108199884;2020/2/13;20
0013;2051;9620942699;323452017;2020/1/19;23
0013;2052;9637535263;269147309;2018/7/5;22
0013;2054;9658242740;219782160;2020/1/10;22
0013;2056;9627703625;180743296;2018/6/12;22
0013;2069;9617868233;67240183;2019/4/7;27
0013;2080;9634058678;217981331;2019/10/21;21
0013;2088;9621771480;24818719;2019/6/25;26
0013;2093;9679539320;118882803;2020/2/4;21
0013;2099;9671928488;346591324;2018/12/12;20
0013;2103;9634063164;329293926;2018/1/5;21
0013;2104;9636111086;264993171;2020/2/13;23
0013;2104;9666426558;240201258;2020/2/10;23
0013;2108;9640001726;164706715;2018/8/17;25
0013;2114;9641513016;193734002;2020/2/26;24
0013;2115;9675817280;314529390;2018/6/17;20
0013;2131;9615549931;29685353;2018/12/27;24
0013;2132;9693894550;238027383;2020/2/26;27
0013;2133;9632005845;203327557;2020/2/17;23
0013;2147;9657309668;50654230;2018/2/1;21
0013;2147;9695812403;230114643;2020/2/29;21
0013;2158;9698276990;122862091;2019/4/11;27
0013;2163;9660506972;177198400;2020/2/14;24
0013;2164;9616678414;284484014;2020/1/13;21
0013;2183;9682756712;159776027;2020/2/1;25
0013;2184;9650693495;159599342;2020/1/17;21
0013;2187;9684425891;242407866;2019/2/20;26
0013;2197;9647547290;110755633;2020/2/21;21
0013;2205;9640665883;154082979;2019/7/21;20
0013;2218;9629484495;251952204;2019/9/2;25
0013;2227;9674586625;165470790;2020/1/17;20
0013;2236;9658433603;113322949;2019/8/20;24
0013;2240;9667134137;245379115;2019/12/25;20
0013;2250;9666871881;213405141;2019/2/10;23
0013;2252;9613795816;191600337;2019/11/29;24
0013;2256;9695652784;181509064;2018/2/4;20
0013;2258;9672064851;66562571;2019/12/26;20
0013;2265;9613479004;51837675;2018/9/20;20
0013;2277;9679503519;178579137;2018/11/23;27
0013;2290;9697474475;121594019;2020/2/15;20
0013;2311;9627579704;134448973;2019/1/19;24
0013;2313;9641046543;192920044;2020/1/21;23
0013;2315;9669947610;124540143;2018/7/4;24
0013;2333;9636915975;335168270;2020/1/8;21
0013;2336;9617999756;95991523;2018/6/30;26
0013;2336;9686985629;285557218;2019/9/24;21
0013;2339;9674511861;28206111;2019/2/22;21
0013;2340;9639594105;148145034;2018/2/21;24
0013;2346;9629571615;68799470;2020/1/17;25
0013;2348;9697583958;261200892;2018/4/26;26
0013;2349;9642645372;40254033;2018/12/2;27
0013;2353;9676433214;27369894;2018/2/14;20
0013;2357;9660211095;243806886;2020/1/30;23
0013;2360;9682586591;132299376;2020/2/29;24
0013;2362;9642608487;122810294;2020/2/12;20
0013;2383;9663141477;55244752;2019/5/5;20
0013;2385;9639590957;222033239;2018/10/29;23
0013;2395;9678560720;121274203;2020/2/28;24
0013;2401;9680862309;314031585;2018/7/7;27
0013;2403;9646387206;176870766;2020/1/16;26
0013;2406;9652558667;260862754;2018/7/29;21
0013;2414;9661744319;208963575;2020/1/4;21
0013;2416;9680065504;23832950;2020/1/4;26
0013;2418;9673540841;109146966;2019/9/21;25
0013;2426;9683610077;159697240;2018/10/4;24
0013;2428;9673732640;193754326;2018/11/28;23
0013;2430;9683975875;25194110;2020/2/28;24
0013;2443;9614531440;130007433;2019/4/1;23
0013;2443;9674748992;230837005;2018/6/7;25
0013;2445;9638902366;176174134;2018/2/21;24
0013;2450;9663384530;285134618;2019/8/1;24
0013;2454;9687959420;254757750;2018/11/26;21
0013;2464;9690251539;179699787;2018/5/13;27
0013;2474;9676423305;177585523;2019/4/8;20
0013;2476;9669128421;213253811;2020/1/28;20
0013;2478;9649502001;179434110;2020/2/25;22
0013;2484;9621899703;186316561;2020/1/23;24
0013;2510;9631411129;102559313;2020/2/19;25
0013;2513;9660784300;214272444;2019/6/21;23
0013;2516;9680251544;240418231;2018/1/6;21
0013;2531;9631790575;39575530;2019/6/25;24
0013;2538;9652871164;133654315;2020/1/4;24
0013;2543;9694512679;319669546;2018/3/16;27
0013;2548;9650872522;228849427;2019/7/9;24
0013;2550;9662762689;105366122;2019/10/15;25
0013;2551;9652891272;297421305;2018/11/12;27
0013;2564;9623214911;107222673;2020/1/28;22
0013;2565;9689543073;292499789;2019/9/2;21
0013;2571;9683673117;22421401;2018/5/30;24
0013;2577;9644038349;80329617;2020/1/26;22
0013;2581;9611773414;176477308;2018/3/22;27
0013;2592;9641170759;303322621;2019/5/17;21
0013;2600;9698510676;276890034;2018/2/23;26
0013;2601;9620571711;347180852;2020/2/30;25
0013;2607;9669964017;109257148;2020/1/30;23
0013;2612;9639225043;52743754;2020/2/17;23
0013;2612;9654172112;237685765;2018/2/5;20
0013;2623;9682683249;57887282;2020/2/14;25
0013;2630;9621842809;185553930;2019/10/7;23
0013;2633;9698130318;340250285;2018/12/1;24
0013;2635;9630199190;144342707;2018/7/15;26
0013;2636;9688956435;199549806;2020/1/6;22
0013;2641;9635105916;254909936;2019/2/8;20
0013;2650;9652589574;300326391;2020/1/5;20
0013;2653;9655330828;233780801;2019/3/21;26
0013;2654;9690601181;29059121;2018/6/19;22
0013;2656;9688007973;246651292;2019/9/18;25
0013;2661;9634532614;172101763;2019/9/25;22
0013;2689;9694487203;334680253;2020/1/25;27
0013;2690;9662397519;331383418;2019/7/12;22
0013;2691;9634373669;73579116;2020/2/18;21
0013;2694;9660836446;51665343;2020/2/20;22
0013;2716;9657445162;77489471;2020/2/12;21
0013;2720;9691868706;216161372;2018/2/8;26
0013;2733;9650437778;103432475;2018/12/15;24
0013;2734;9677944435;287517708;2018/6/16;23
0013;2734;9680031985;279390275;2018/5/8;27
0013;2739;9685428025;271928538;2019/4/6;26
0013;2743;9624329141;150971475;2019/2/19;20
0013;2745;9686814112;338133230;2020/2/20;20
0013;2760;9667500857;150698846;2020/2/8;24
0013;2765;9674553617;129492963;2018/2/19;24
0013;2779;9653804549;159668147;2018/12/3;20
0013;2780;9656066095;70740812;2020/1/19;27
0013;2782;9631721359;40645315;2019/5/21;22
0013;2792;9667717914;179440074;2019/3/29;24
0013;2796;9627666692;220737855;2019/6/1;21
0013;2809;9615070691;184840957;2019/6/1;23
0013;2813;9631987778;204541819;2018/2/5;24
0013;2814;9681302745;43838518;2020/2/22;23
0013;2816;9655092464;161796576;2020/2/2;22
0013;2817;9647872399;23457215;2019/7/4;26
0013;2819;9692336772;55452028;2019/1/13;23
0013;2829;9658769617;107150160;2018/12/19;27
0013;2840;9619336391;154421551;2019/3/20;21
0013;2869;9615176719;258399879;2020/1/26;25
0013;2872;9657416810;251846559;2018/5/2;23
0013;2875;9655687593;116709028;2018/12/24;24
0013;2877;9681124079;278370867;2020/1/14;22
0013;2880;9664934830;297921523;2019/3/3;22
0013;2882;9620943621;175386884;2020/2/28;20
0013;2883;9674124445;178414867;2019/1/17;21
0013;2892;9674609036;103673727;2018/8/8;23
0013;2907;9682497404;297603411;2018/7/4;21
0013;2915;9691986007;345452732;2018/3/7;23
0013;2941;9613103684;34475421;2018/11/2;27
0013;2945;9678527957;343129590;2018/7/16;25
0013;2957;9672691061;228132379;2020/1/25;25
0013;2964;9689671871;97240226;2019/12/10;25
0013;2965;9699693391;31938085;2019/3/24;27
0013;2988;9661861673;166598213;2019/2/25;25
0013;2990;9658818931;133179560;2020/1/2;27
0013;3002;9613978328;309307205;2018/1/15;24
0013;3003;9617896136;75930852;2020/1/18;27
0013;3009;9631181477;310175891;2018/1/29;27
0013;3011;9694408314;293764564;2019/2/16;27
0013;3018;9685563530;74383016;2019/7/17;27
0013;3020;9636209546;121269077;2019/5/15;20
0013;3028;9645356096;284104968;2019/12/12;24
0013;3030;9649874145;323236148;2020/1/18;22
0013;3030;9664040520;40876680;2018/2/16;23
0013;3045;9686337914;172761102;2020/2/19;25
0013;3047;9699478588;216625287;2020/2/6;25
0013;3053;9688024562;32152071;2019/12/2;26
0013;3061;9671605072;167995389;2020/1/7;22
0013;3078;9671705359;308855446;2020/1/9;23
0013;3084;9668174867;283589620;2019/5/26;24
0013;3092;9662581810;267424252;2020/1/7;20
0013;3097;9642702527;95177792;2019/12/19;22
0013;3098;9645809481;288630594;2019/4/15;20
0013;3098;9649957779;24517019;2020/1/19;25
0013;3136;9657548417;211817344;2020/1/27;22
0013;3143;9643669445;51237279;2019/8/3;23
0013;3146;9625910627;55835250;2020/2/6;26
0013;3156;9697462319;222946534;2018/5/27;21
0013;3162;9699436018;46094514;2020/1/22;22
0013;3164;9649602082;117838904;2018/4/24;20
0013;3172;9621631262;83188721;2019/3/6;23
0013;3177;9651535253;102124666;2019/5/12;23
0013;3180;9655326260;257511522;2019/8/6;22
0013;3191;9650159741;287466931;2019/6/22;23
0013;3220;9664573352;112274988;2019/11/29;21
0013;3223;9613659773;259080241;2020/1/26;22
0013;3254;9624216096;100371920;2018/5/10;22
0013;3266;9693335512;347919681;2019/3/29;20
0013;3272;9666094554;322885431;2019/12/11;22
0013;3280;9632624359;70890489;2019/2/24;21
0013;3281;9665627100;241507473;2018/7/23;23
0013;3308;9618107417;309835084;2018/8/8;24
0013;3311;9651520485;86873525;2019/12/21;20
0013;3311;9664804678;43070625;2020/1/25;21
0013;3326;9625068698;94533677;2018/8/1;24
0013;3332;9612040346;110400257;2020/1/25;20
0013;3334;9624934226;323018366;2019/3/2;26
0013;3338;9622864781;94532380;2019/2/24;22
0013;3343;9679754402;153823759;2018/1/1;26
0013;3349;9678242139;111491032;2020/1/22;26
0013;3351;9668592308;168873449;2019/10/30;22
0013;3356;9641745256;221088827;2019/4/20;22
0013;3357;9627487467;165438371;2020/2/5;24
0013;3360;9615823179;264787131;2020/1/3;23
0013;3366;9618663521;99799892;2018/8/28;27
0013;3373;9619722028;303927035;2020/2/1;24
0013;3397;9683478805;211755865;2020/1/24;23
0013;3398;9646605304;249749128;2020/1/24;22
0013;3435;9680461322;89602985;2018/2/12;24
0013;3438;9636362868;325647358;2020/1/11;25
0013;3441;9615111242;313111120;2018/8/1;23
0013;3448;9698004302;193365837;2019/7/6;24
0013;3448;9698106577;127505520;2019/7/14;24
0013;3450;9628825465;24976948;2019/9/1;20
0013;3467;9612251273;86843778;2019/10/29;25
0013;3492;9698252769;27549232;2018/9/22;27
0013;3508;9696698275;246216848;2020/2/23;27
0013;3512;9626778566;66727577;2019/6/23;20
0013;3524;9646206075;334330289;2019/1/23;26
0013;3543;9659257221;77772788;2019/5/4;22
0013;3544;9646357214;84702320;2019/11/6;22
0013;3544;9661178453;232518240;2019/2/29;25
0013;3546;9616773390;130225880;2020/1/20;21
0013;3546;9684271893;248376142;2020/2/27;26
0013;3551;9672746058;313902854;2018/11/5;20
0013;3574;9672193498;254089734;2020/2/24;23
0013;3587;9613173067;27237050;2018/1/12;26
0013;3593;9687437049;222471289;2018/1/2;27
0013;3607;9634346345;160519635;2018/11/2;25
0013;3624;9688711165;75926238;2018/10/26;26
0013;3628;9690537099;255503295;2018/7/30;20
0013;3629;9647363379;173571810;2019/11/15;23
0013;3633;9612009771;220113791;2020/1/28;25
0013;3644;9618410016;294847864;2018/12/6;27
0013;3658;9637673761;319379961;2020/2/19;21
0013;3663;9671981976;121881445;2020/1/16;22
0013;3665;9680428761;226734598;2018/4/28;21
0013;3666;9612113001;187381199;2020/1/21;20
0013;3706;9613833524;233253897;2019/2/10;27
0013;3709;9666141580;132273793;2019/1/24;23
0013;3712;9627721910;340464056;2019/9/28;21
0013;3713;9647963648;98770916;2018/4/16;26
0013;3717;9669190256;208822174;2020/2/7;26
0013;3728;9617205316;277536028;2020/2/29;20
0013;3733;9619469700;162214552;2020/1/15;23
0013;3739;9685305480;180606393;2018/12/22;25
0013;3748;9639465000;270291431;2019/5/7;24
0013;3752;9685835150;181162331;2019/6/7;20
0013;3752;9686197405;169433443;2020/2/2;22
0013;3757;9650458001;332968128;2018/11/18;24
0013;3760;9629115884;159202239;2020/2/15;22
0013;3767;9629569816;189157642;2019/10/16;24
0013;3767;9637734633;316183830;2019/2/27;21
0013;3768;9639951190;201504413;2019/1/15;24
0013;3769;9675683184;118504277;2018/4/15;26
0013;3778;9688401423;289464626;2020/1/16;26
0013;3783;9651217028;251525305;2019/7/4;27
0013;3788;9670929144;349376342;2018/9/16;23
0013;3795;9668929489;340268519;2018/9/18;25
0013;3796;9646839961;199608063;2018/11/4;26
0013;3798;9636014197;218228940;2018/12/23;21
0013;3800;9612315222;298708039;2019/12/22;23
0013;3804;9659599212;150061599;2018/7/6;24
0013;3821;9634120831;132377092;2019/7/27;21
0013;3826;9685109862;251130984;2018/7/15;27
0013;3831;9676881332;65725312;2018/8/5;23
0013;3835;9693095337;144634834;2019/5/9;26
0013;3836;9698970853;84211308;2019/8/11;21
0013;3842;9670547722;122307851;2019/10/20;20
0013;3845;9686066634;115791083;2020/2/11;22
0013;3850;9636728265;102735390;2018/3/26;22
0013;3856;9622338967;314577861;2020/1/16;26
0013;3867;9664426354;241004494;2020/1/18;26
0013;3869;9619545480;107896554;2018/2/25;25
0013;3870;9656363004;215252177;2019/7/13;26
0013;3871;9619334729;22043513;2020/2/17;23
0013;3871;9642383645;159169713;2019/6/26;27
0013;3877;9635139985;222497553;2018/1/21;23
0013;3879;9620520080;127782627;2018/5/24;23
0013;3879;9683845760;290265246;2018/1/2;22
0013;3881;9636221160;348671477;2018/6/18;26
0013;3883;9644514471;45619071;2019/1/28;26
0013;3894;9664369731;106373057;2018/11/23;22
0013;3906;9684923308;197945016;2019/9/1;23
0013;3907;9614813837;319181888;2018/6/23;25
0013;3908;9642338490;260871351;2018/6/23;20
0013;3914;9644733268;126235367;2019/7/16;22
0013;3915;9683115895;131017005;2019/10/4;20
0013;3919;9666800431;216000697;2019/6/4;27
0013;3929;9695283353;165195993;2020/2/13;25
0013;3937;9672161704;181954247;2020/2/7;23
0013;3946;9639714493;217604828;2019/9/20;21
0013;3947;9681777920;106905192;2020/2/20;22
0013;3955;9639095907;268054340;2020/1/30;26
0013;3961;9671412312;285447427;2020/2/5;21
0013;3964;9693768443;64260351;2020/2/10;27
0013;3965;9630299084;88969715;2019/10/20;22
0013;3989;9612082818;161096422;2019/5/9;23
0013;4004;9635936070;52747509;2019/3/13;25
0013;4009;9694444730;126880852;2019/6/14;22
0013;4014;9687672833;62866130;2019/3/11;21
0013;4024;9619184648;188878227;2020/2/21;26
0013;4027;9647756133;84066968;2019/10/25;21
0013;4035;9617335723;59926178;2020/1/19;21
0013;4040;9689739321;51652314;2019/5/7;25
0013;4046;9671674524;85702474;2020/2/14;22
0013;4063;9613151141;29585328;2018/10/12;20
0013;4065;9613967973;51874487;2019/9/7;25
0013;4076;9627528032;263468526;2020/2/24;22
0013;4078;9667787232;234866324;2020/2/14;22
0013;4080;9665124004;49558306;2019/1/29;23
0013;4110;9652622237;220762041;2020/1/29;27
0013;4112;9684479984;226360147;2018/4/23;20
0013;4117;9693811061;126176553;2018/4/23;27
0013;4144;9618307179;255447252;2018/1/23;27
0013;4145;9676363536;107100769;2019/3/14;22
0013;4149;9683308121;125425551;2019/11/28;21
0013;4155;9683836687;105714580;2019/10/28;23
0013;4156;9659987469;88689926;2019/4/8;23
0013;4157;9626131826;178830514;2020/2/6;22
0013;4166;9645714925;218447086;2020/2/24;27
0013;4169;9692679231;319975807;2018/5/11;20
0013;4172;9621148246;233949010;2019/11/8;22
0013;4172;9683302461;71827183;2018/6/4;24
0013;4188;9632625487;99579243;2018/1/20;20
0013;4199;9611805150;241645761;2019/12/16;27
0013;4208;9624778378;53238087;2019/8/26;25
0013;4214;9684035208;63519990;2018/1/29;21
0013;4216;9675321278;147225009;2020/1/18;24
0013;4237;9659977707;210742011;2020/2/23;22
0013;4245;9698705909;233094552;2020/1/9;20
0013;4252;9624716916;65464341;2020/1/24;22
0013;4265;9649952003;254777510;2020/1/15;27
0013;4267;9639342658;168377205;2018/6/5;25
0013;4294;9627922018;221832878;2020/2/13;25
0013;4295;9644261469;119585565;2018/4/30;25
0013;4296;9688265645;76991257;2020/1/27;20
0013;4303;9654182822;300191207;2019/4/13;25
0013;4310;9643519740;230440174;2018/12/1;23
0013;4314;9622679394;30620030;2019/3/18;20
0013;4325;9699572578;153365360;2020/1/2;27
0013;4327;9622906651;112983174;2020/1/2;23
0013;4341;9658284041;132915819;2020/2/4;25
0013;4342;9679767407;244021545;2018/3/13;21
0013;4348;9694444678;244857400;2019/10/24;24
0013;4359;9699924776;308407177;2020/2/24;21
0013;4361;9674606433;150748574;2018/4/27;24
0013;4364;9646655791;61471777;2020/1/13;25
0013;4372;9684317795;35917346;2018/10/27;26
0013;4374;9622642740;118576352;2019/7/1;25
0013;4377;9678334814;140325663;2020/2/21;27
0013;4397;9623824706;260977923;2020/2/2;20
0013;4405;9619666337;101064078;2019/8/26;21
0013;4407;9627317275;128691741;2018/6/17;24
0013;4421;9687677479;301763199;2020/1/23;21
0013;4423;9671955666;173509104;2020/2/3;21
0013;4431;9637371434;70589031;2020/1/29;20
0013;4435;9631963013;21074941;2020/2/26;22
0013;4444;9656870932;20318579;2018/6/21;26
0013;4449;9626677914;156862253;2018/4/29;26
0013;4455;9632433292;78360328;2020/2/22;23
0013;4474;9658198743;86899222;2019/5/29;24
0013;4474;9683438314;138801534;2020/2/18;27
0013;4486;9631655540;56677164;2018/3/17;26
0013;4490;9619553150;329747209;2020/2/26;26
0013;4492;9671194921;311104665;2019/10/17;25
0013;4495;9630611163;338511766;2018/12/6;20
0013;4504;9688686367;111156702;2019/5/3;22
0013;4508;9624544974;323377390;2020/1/18;26
0013;4508;9665667958;240302941;2020/2/18;20
0013;4514;9668583465;157083760;2019/4/5;20
0013;4515;9693556157;305019220;2020/2/21;23
0013;4516;9619836768;219933814;2020/2/21;25
0013;4531;9633655040;305727632;2020/1/1;23
0013;4536;9653607511;344021927;2020/1/11;20
0013;4537;9611658980;140430718;2018/11/27;26
0013;4549;9656777430;194645896;2020/1/16;24
0013;4552;9650351387;181578876;2020/2/2;21
0013;4559;9694862036;139820014;2019/9/4;23
0013;4576;9661472492;245245579;2019/8/21;27
0013;4582;9638473237;94789669;2019/5/12;21
0013;4582;9651949694;30643189;2019/3/15;27
0013;4587;9685207400;183760297;2018/5/26;21
0013;4602;9655915805;293285684;2020/1/3;24
0013;4610;9692025545;306305717;2019/11/24;23
0013;4617;9660756129;250578847;2019/2/18;26
0013;4620;9614312346;241342129;2018/5/29;20
0013;4623;9674702580;283147937;2020/2/19;24
0013;4629;9697177396;268159032;2020/1/27;24
0013;4630;9657253736;49903030;2019/9/1;20
0013;4638;9638258490;111563560;2018/2/6;20
0013;4645;9690695775;129766450;2019/9/20;26
0013;4648;9651292378;121518572;2018/6/20;23
0013;4651;9675878275;231651410;2019/4/19;24
0013;4662;9642170036;265750558;2018/11/14;21
0013;4675;9647694207;334479035;2020/1/4;21
0013;4675;9670484281;323161366;2018/6/27;26
0013;4676;9698285374;164395719;2019/5/5;24
0013;4687;9661356463;342148068;2020/1/18;24
0013;4694;9658282460;294682863;2019/2/30;22
0013;4697;9626763909;66586502;2018/5/12;24
0013;4716;9686608327;177058611;2020/1/21;27
0013;4723;9658030413;169711594;2019/11/15;26
0013;4724;9669396095;282208311;2019/5/10;20
0013;4725;9686084938;269698602;2020/1/20;22
0013;4727;9630862426;261898245;2020/2/17;20
0013;4736;9694131993;260478959;2018/1/23;25
0013;4744;9651718802;231697897;2018/7/10;25
0013;4746;9629715972;77277046;2019/7/21;24
0013;4751;9698885426;108080800;2020/2/16;26
0013;4763;9621449255;265884046;2019/9/14;26
0013;4763;9686037311;105828998;2019/7/14;25
0013;4771;9620718173;21574555;2019/12/12;23
0013;4779;9663206186;245161785;2020/2/20;27
0013;4781;9626953113;106840890;2020/2/18;24
0013;4796;9611864148;311885142;2020/2/8;26
0013;4800;9657529095;216245408;2020/2/13;27
0013;4812;9613669814;37322606;2019/6/23;23
0013;4817;9653481136;27152988;2020/1/30;20
0013;4820;9642712722;227552975;2019/3/7;24
0013;4821;9649051483;42329000;2018/3/18;24
0013;4846;9626374500;205119051;2018/6/30;25
0013;4849;9658952749;245944995;2020/2/30;27
0013;4850;9685568282;267624548;2019/11/8;27
0013;4851;9649269030;20014155;2019/2/27;24
0013;4868;9643160015;321194053;2020/1/17;24
0013;4870;9638257939;324577393;2019/6/4;20
0013;4876;9618969887;21463523;2018/11/19;24
0013;4880;9663410144;127652393;2018/2/20;25
0013;4893;9629456508;71170456;2020/2/7;26
0013;4904;9674349690;69058887;2020/2/9;22
0013;4907;9625215263;318705203;2018/10/5;27
0013;4919;9685158018;273812736;2019/10/17;23
0013;4922;9622309127;329261724;2018/3/30;25
0013;4941;9657792441;225133187;2019/7/11;23
0013;4941;9697978097;268194112;2019/12/21;26
0013;4943;9667698758;75806499;2019/1/8;27
0013;4947;9666637126;227777923;2020/2/28;26
0013;4953;9676432557;182931136;2019/2/29;27
0013;4957;9672437771;60744529;2018/10/3;26
0013;4963;9615856398;141417288;2019/5/28;20
0013;4963;9670649215;269828041;2019/6/25;22
0013;4970;9634215046;26031802;2018/10/18;20
0013;4971;9684293488;171748986;2018/8/9;20
0013;4972;9684369038;94873257;2018/10/24;25
0013;4973;9669380231;209174539;2018/10/29;24
0013;4982;9640686482;246103168;2019/5/30;21
0013;4990;9627079715;252981698;2020/1/9;22
0013;4991;9618945170;170953056;2020/1/22;26
0013;4992;9613884173;160439998;2019/4/18;20
0013;4993;9696028735;56869510;2020/1/20;20
0013;4996;9645660399;204659208;2018/8/24;20
0013;4996;9677153753;150806228;2020/1/28;23
0013;5002;9655366602;20242400;2019/11/17;24
0013;5007;9621175504;251090884;2020/2/7;21
0013;5011;9652846893;24641407;2020/2/16;23
0013;5036;9676328147;40619914;2020/1/11;25
0013;5046;9667998575;196313709;2018/12/15;25
0013;5054;9637269488;61126576;2018/12/12;22
0013;5055;9649230628;89820336;2018/7/23;24
0013;5059;9694434737;265753108;2019/3/27;22
0013;5063;9619349590;117702789;2018/5/13;27
0013;5065;9655387756;335083487;2018/1/20;20
0013;5068;9639625685;237439066;2020/2/23;21
0013;5073;9692734649;152780248;2018/4/29;26
0013;5074;9697220068;78642931;2018/11/16;25
0013;5077;9619385715;169356247;2018/7/16;21
0013;5080;9645419078;165572766;2019/12/8;21
0013;5091;9611682066;206785067;2020/1/9;22
0013;5095;9626575331;153541335;2020/1/3;23
0013;5120;9689688485;67258029;2019/2/28;26
0013;5122;9689603805;239774508;2019/6/18;25
0013;5124;9666052762;245560105;2020/2/14;21
0013;5126;9679054873;20102960;2018/8/22;21
0013;5129;9633146100;316029211;2019/8/5;25
0013;5131;9641090740;310651840;2019/5/17;24
0013;5138;9674226148;327214264;2018/5/26;25
0013;5139;9680906674;202850153;2018/6/20;26
0013;5140;9697155384;224836927;2019/6/26;25
0013;5160;9682595880;89756982;2018/3/14;24
0013;5165;9640173376;45511383;2020/2/13;26
0013;5170;9633286263;254952230;2020/2/17;24
0013;5177;9648568944;244426505;2019/12/11;23
0013;5180;9639038181;264479574;2018/6/25;21
0013;5184;9657080172;30055743;2019/3/3;21
0013;5194;9694316050;37011185;2020/1/15;26
0013;5206;9695356292;156411994;2018/6/18;21
0013;5214;9664376926;304533487;2018/4/3;27
0013;5226;9613518773;174073741;2018/5/29;25
0013;5233;9629612134;167404131;2019/6/13;27
0013;5235;9665995726;349965635;2020/2/7;24
0013;5238;9656700663;206620251;2019/1/28;22
0013;5246;9671714925;187094476;2019/8/28;26
0013;5251;9690497191;29282367;2018/11/25;22
0013;5271;9625411471;69335112;2019/5/24;22
0013;5275;9628580957;69401525;2020/1/12;27
0013;5282;9661294881;101418627;2018/8/12;26
0013;5297;9660412632;267353143;2019/7/24;27
0013;5303;9616743210;261666377;2019/5/7;20
0013;5304;9630153925;70923540;2018/5/7;23
0013;5315;9642166943;74189123;2018/5/22;25
0013;5334;9655583860;70326979;2018/7/10;24
0013;5338;9617440807;250180890;2018/4/10;22
0013;5341;9617175391;291318305;2020/2/19;20
0013;5346;9623074019;239665351;2019/10/15;23
0013;5359;9642737986;213201802;2019/3/3;23
0013;5368;9629889603;175261989;2018/10/16;25
0013;5372;9618826310;235690041;2020/1/19;22
0013;5383;9686011028;269518743;2019/3/1;27
0013;5387;9669390959;169876389;2019/3/17;23
0013;5423;9639954964;39829264;2018/5/17;22
0013;5424;9627545451;222970253;2020/1/11;21
0013;5442;9679731301;78164556;2020/2/23;25
0013;5461;9640386770;57937386;2019/10/7;22
0013;5462;9690220829;260846780;2018/3/6;25
0013;5469;9659576812;310588072;2019/8/18;26
0013;5474;9688441221;147414933;2020/1/5;20
0013;5475;9649317383;193707098;2019/12/27;21
0013;5476;9667049536;133027126;2018/9/7;20
0013;5480;9682458075;206965438;2018/5/3;20
0013;5491;9643146174;138376200;2018/10/18;25
0013;5495;9680894799;112511502;2018/8/30;26
0013;5497;9674666368;117483299;2020/2/16;26
0013;5503;9642953792;321937721;2020/1/3;20
0013;5528;9613806667;323114099;2018/11/18;22
0013;5531;9632601454;31809599;2020/1/1;21
0013;5559;9699621946;279349251;2019/4/11;21
0013;5573;9648743188;49383985;2019/6/30;23
0013;5584;9661832625;96897082;2020/1/30;23
0013;5586;9645430554;274261912;2019/1/27;24
0013;5610;9689959961;221364897;2020/1/2;23
0013;5620;9666518183;241717192;2019/8/15;23
0013;5620;9670826186;153331617;2020/2/1;23
0013;5626;9665428788;299877548;2020/2/18;22
0013;5633;9684429120;52308558;2020/1/8;20
0013;5638;9664455706;124472497;2020/2/11;24
0013;5639;9685368490;196935209;2019/6/21;21
0013;5643;9624878417;23623163;2019/3/3;25
0013;5643;9659254750;86317672;2020/2/24;23
0013;5667;9618912803;161168503;2019/11/27;25
0013;5669;9642112177;178459847;2019/3/9;25
0013;5670;9623491698;212075594;2019/8/23;24
0013;5686;9645302963;139756511;2019/9/13;24
0013;5691;9639886061;338645609;2018/2/9;24
0013;5694;9656807058;209711732;2018/3/8;26
0013;5695;9636848739;347444261;2019/5/1;24
0013;5709;9678299573;235052183;2020/1/20;20
0013;5713;9636137306;287106604;2020/1/25;21
0013;5713;9674047026;92758724;2020/2/22;22
0013;5718;9653052503;271448411;2018/7/14;21
0013;5722;9652444218;84276209;2019/3/23;27
0013;5725;9694362522;325567179;2020/1/20;27
0013;5732;9690813508;200512624;2019/1/13;20
0013;5745;9648288388;273813400;2020/2/27;22
0013;5745;9673934858;248004437;2019/3/15;26
0013;5753;9623056869;21851760;2019/4/16;27
0013;5755;9662911724;48090149;2020/2/27;27
0013;5771;9664563638;28269526;2018/11/28;22
0013;5778;9646117931;148047551;2018/1/4;24
0013;5779;9637628228;85315858;2018/3/3;25
0013;5785;9636536721;344148318;2018/3/20;22
0013;5786;9681341204;75042060;2018/10/5;26
0013;5787;9697077544;67056764;2018/7/15;21
0013;5793;9646975210;261436370;2018/5/11;22
0013;5801;9679354807;148406690;2018/6/20;20
0013;5820;9684785435;330301129;2019/1/18;25
0013;5821;9642102131;286557953;2019/5/25;22
0013;5821;9673125577;92530672;2018/11/7;20
0013;5823;9640827470;269210213;2018/1/24;27
0013;5835;9658556323;87118706;2020/2/5;25
0013;5837;9640227211;144614957;2020/1/26;27
0013;5838;9673076225;134853226;2020/2/2;21
0013;5841;9638190034;140889820;2020/1/6;24
0013;5846;9657810520;154374039;2019/3/26;23
0013;5852;9622301537;267610634;2019/10/17;22
0013;5853;9675208944;283572982;2019/2/22;23
0013;5861;9691386537;164459545;2020/2/27;27
0013;5865;9634325272;194380821;2019/10/22;22
0013;5868;9666898307;20189530;2018/3/25;25
0013;5874;9655892117;148470179;2019/12/9;25
0013;5875;9643214574;123973255;2019/7/6;25
0013;5879;9629290188;157088838;2019/11/9;24
0013;5883;9661281128;235132571;2018/6/2;25
0013;5887;9626877664;145086270;2018/4/14;25
0013;5906;9634316798;186798262;2019/9/20;20
0013;5924;9615168272;241638504;2018/11/12;22
0013;5940;9619533718;55262745;2019/11/25;26
0013;5941;9697209083;201545588;2020/1/10;25
0013;5951;9657208783;290234848;2019/7/9;27
0013;5955;9618205186;62034454;2020/2/20;24
0013;5971;9659330308;110678277;2019/9/27;21
0013;5972;9649927277;324595168;2018/5/25;24
0013;5978;9625269839;244695685;2020/2/15;27
0013;5979;9695540236;54049600;2018/3/24;20
0013;5983;9679032918;308515993;2020/1/25;26
0013;6002;9645873563;136918596;2020/2/15;20
0013;6007;9666961853;214218297;2020/2/27;27
0013;6009;9619206593;253837206;2018/1/25;27
0013;6012;9659765187;271954874;2018/6/17;22
0013;6014;9612013268;161646939;2020/1/10;24
0013;6015;9688055210;102043382;2018/1/15;26
0013;6019;9628319754;260057159;2018/9/17;23
0013;6031;9626481286;82382638;2019/11/17;25
0013;6031;9667781424;319343556;2020/1/30;22
0013;6052;9640759448;54148912;2020/1/9;26
0013;6059;9677191554;129047004;2020/1/6;22
0013;6062;9691133834;327685314;2018/4/8;27
0013;6069;9668076882;180971897;2020/2/20;24
0013;6074;9633343260;306693453;2019/9/1;23
0013;6076;9632458472;256011360;2018/8/20;23
0013;6085;9668688536;135709209;2019/5/11;23
0013;6109;9650867957;145395866;2019/2/1;27
0013;6122;9691868822;76715998;2019/1/30;24
0013;6130;9642335811;348951358;2018/5/19;20
0013;6134;9682167484;163307530;2020/1/14;25
0013;6151;9685558491;202665162;2019/1/29;21
0013;6153;9666212686;103012116;2020/2/17;23
0013;6156;9655673176;25586754;2019/1/9;25
0013;6164;9685228617;61638717;2018/8/12;26
0013;6178;9645841691;54499170;2019/9/28;22
0013;6180;9649481416;337568942;2020/2/14;23
0013;6181;9624690556;39942492;2020/1/5;24
0013;6197;9616739137;285819535;2018/4/17;25
0013;6197;9680015450;131641251;2018/1/12;20
0013;6198;9696213045;112985522;2020/2/30;26
0013;6199;9687033668;159208092;2019/7/9;22
0013;6202;9692793439;311503431;2019/9/3;27
0013;6205;9660329496;108382494;2019/9/11;27
0013;6209;9620764372;312393316;2019/4/23;21
0013;6214;9693680988;186336857;2019/1/8;21
0013;6222;9697608022;142233467;2019/5/27;26
0013;6228;9639083124;254267047;2019/11/22;25
0013;6233;9694025951;90184450;2020/1/25;26
0013;6255;9690965216;67810874;2018/4/21;25
0013;6256;9649059156;171240864;2020/2/16;21
0013;6263;9656456696;294091656;2019/5/12;21
0013;6269;9653331023;164032340;2020/1/4;25
0013;6285;9645612336;98437940;2018/3/21;26
0013;6286;9662653476;38822492;2019/3/21;23
0013;6290;9638592543;296209306;2018/6/19;23
0013;6291;9678112667;320686577;2019/12/21;20
0013;6296;9645935671;184624762;2018/11/4;27
0013;6299;9623461065;253965793;2018/4/15;20
0013;6305;9699728034;104200204;2020/2/6;23
0013;6324;9695817850;314602335;2019/2/18;20
0013;6329;9651675085;343437774;2020/1/27;23
0013;6347;9635380050;68247040;2018/5/16;22
0013;6347;9650219741;166052770;2018/10/29;25
0013;6348;9629428521;76588964;2020/2/10;27
0013;6358;9648028907;57048990;2020/2/16;27
0013;6392;9616888437;223621704;2018/7/15;23
0013;6407;9661183944;36593917;2019/8/16;24
0013;6430;9623012680;89296140;2019/1/16;20
0013;6431;9680452115;195046583;2019/3/29;24
0013;6440;9619085060;198254811;2020/2/12;20
0013;6441;9690345658;268254774;2019/1/14;22
0013;6444;9674033953;140556547;2018/1/14;21
0013;6453;9624280103;105244457;2018/1/28;24
0013;6470;9628257698;280320099;2019/7/30;21
0013;6475;9669814238;246018791;2019/1/2;22
0013;6477;9633447113;289485963;2019/11/30;23
0013;6507;9656241017;27238413;2020/2/17;27
0013;6508;9632759625;268321799;2019/1/3;23
0013;6508;9665893854;221195092;2020/2/19;22
0013;6513;9643556899;147228877;2019/1/10;24
0013;6522;9676096458;179948400;2020/2/1;22
0013;6525;9652749754;100322045;2019/6/27;20
0013;6546;9615692423;244873538;2019/1/8;27
0013;6556;9682191293;49639867;2019/8/3;25
0013;6557;9663646197;101512470;2019/11/8;22
0013;6574;9630485888;264328544;2020/2/9;20
0013;6576;9618856541;120680083;2020/1/12;21
0013;6577;9635047692;299738913;2019/6/8;25
0013;6585;9651443648;218608589;2020/1/27;22
0013;6610;9694483566;273260481;2018/2/20;21
0013;6618;9690151217;100079996;2019/3/11;20
0013;6619;9694797785;258872851;2020/1/13;21
0013;6635;9663582636;175982652;2018/7/13;22
0013;6637;9657820670;74217547;2018/3/28;26
0013;6638;9682793227;265578785;2018/1/6;24
0013;6671;9685553202;71409422;2020/1/3;25
0013;6706;9645701381;77489974;2018/5/8;24
0013;6712;9616675467;86536613;2018/8/18;25
0013;6737;9640042129;147020841;2018/12/9;24
0013;6743;9632308772;134618601;2020/2/24;21
0013;6746;9672108255;107536495;2019/2/29;25
0013;6760;9673923838;199639842;2019/10/2;26
0013;6770;9685024790;97895941;2020/1/25;23
0013;6771;9670209400;118202673;2020/1/28;24
0013;6773;9638940328;151058833;2019/6/22;24
0013;6776;9648744796;102774806;2018/10/25;27
0013;6776;9655021986;258629688;2020/2/7;24
0013;6780;9669075264;55040438;2020/1/20;22
0013;6781;9617689964;63900202;2018/5/7;25
0013;6787;9655131666;227774333;2019/2/10;24
0013;6793;9622127632;46847508;2020/1/22;23
0013;6801;9648891668;184903954;2019/6/23;27
0013;6802;9663385141;344944919;2019/1/17;27
0013;6806;9664706689;181514286;2018/8/1;24
0013;6818;9681068358;65771747;2019/3/16;27
0013;6826;9628445894;201021821;2019/6/19;23
0013;6826;9661230606;241802730;2019/10/19;27
0013;6826;9676194100;265030622;2019/11/2;22
0013;6830;9651572165;206496538;2019/4/8;27
0013;6836;9647998639;25694865;2020/1/10;22
0013;6837;9647431401;280926616;2019/12/6;24
0013;6841;9641679493;321953467;2019/12/13;22
0013;6856;9640632705;272025291;2020/1/25;23
0013;6874;9641874440;299753932;2019/5/14;23
0013;6874;9682400754;213148285;2018/7/5;20
0013;6878;9629678965;291362832;2020/1/29;24
0013;6882;9665586536;22843292;2018/3/6;25
0013;6883;9670070648;312445095;2018/10/9;25
0013;6887;9634837319;161169499;2020/2/13;22
0013;6888;9679029699;330051166;2020/1/2;22
0013;6893;9632556985;229029894;2018/4/28;23
0013;6896;9676010381;130260938;2020/1/29;20
0013;6901;9676246780;197276551;2019/12/26;21
0013;6907;9624857727;34267721;2019/3/18;20
0013;6913;9676640041;341199623;2019/7/25;20
0013;6917;9628812358;192070822;2019/8/24;24
0013;6920;9679296460;64099249;2019/8/18;26
0013;6922;9629024323;31800331;2019/8/18;25
0013;6944;9674578007;306905761;2019/3/13;22
0013;6947;9668359940;276730000;2018/12/16;23
0013;6963;9638341027;306100619;2019/3/9;25
0013;6964;9616290049;178488976;2020/1/8;25
0013;6968;9680644951;313564936;2018/5/11;26
0013;6985;9671298763;256754307;2020/1/14;22
0013;6990;9685461566;63838966;2020/2/15;27
0013;6992;9679676234;77586541;2018/9/3;24
0013;7000;9681853866;82058813;2020/2/20;24
0013;7002;9698102064;94128187;2019/12/20;21
0013;7010;9688004621;250812774;2018/8/13;26
0013;7016;9669240055;104524983;2020/1/22;23
0013;7026;9613968906;214573539;2019/9/8;23
0013;7039;9626538349;124057948;2018/5/6;20
0013;7055;9614427970;65907825;2018/10/12;27
0013;7056;9669881677;229934924;2018/8/6;26
0013;7058;9618358010;232169755;2019/4/19;21
0013;7064;9626977389;68688028;2018/1/1;24
0013;7066;9696825088;149108831;2019/10/8;25
0013;7069;9689968300;253841294;2019/10/12;20
0013;7074;9614337544;161521888;2019/3/28;23
0013;7083;9628592104;333606322;2019/2/11;20
0013;7096;9655327135;39107854;2019/4/10;25
0013;7096;9673473841;256508959;2019/11/29;24
0013;7099;9640741027;182504441;2019/8/23;24
0013;7102;9622498726;310386341;2020/2/2;25
0013;7106;9633192289;57116171;2018/8/9;24
0013;7106;9671460192;101801166;2018/9/16;23
0013;7107;9667483764;46705357;2019/4/16;22
0013;7111;9699546566;193575086;2018/7/10;25
0013;7113;9611683676;185811946;2020/1/14;20
0013;7117;9683347489;337190312;2020/1/9;22
0013;7136;9616583771;24131180;2018/10/14;20
0013;7139;9660565788;206267684;2019/9/8;26
0013;7158;9684202629;231828073;2018/9/23;27
0013;7171;9656904711;340582824;2018/4/24;26
0013;7179;9644420705;331146276;2019/6/18;22
0013;7182;9635659953;324756349;2018/10/4;27
0013;7183;9631154229;285831999;2020/1/11;21
0013;7187;9673599584;166018149;2018/8/7;27
0013;7195;9661905610;162604357;2019/2/13;21
0013;7198;9631307218;123168117;2019/4/8;21
0013;7217;9679550985;55900169;2020/1/25;22
0013;7220;9639285509;239350631;2018/8/26;25
0013;7231;9683992033;168715775;2020/2/6;20
0013;7242;9617760446;319928708;2020/2/3;21
0013;7271;9641170816;39882432;2020/2/21;27
0013;7273;9638933244;286984411;2018/10/19;21
0013;7277;9625763325;274100951;2020/1/19;21
0013;7278;9617794679;268093584;2019/11/26;22
0013;7279;9652535955;126344944;2018/12/22;20
0013;7293;9680358579;297509601;2018/8/13;23
0013;7297;9690793959;121018074;2018/2/8;23
0013;7329;9678471207;49147812;2018/2/30;24
0013;7334;9671025085;43449465;2020/2/10;21
0013;7352;9693307855;236824858;2018/1/23;27
0013;7378;9694303749;271531155;2020/1/6;25
0013;7402;9694568580;168037260;2020/1/1;23
0013;7406;9686247304;283502574;2019/11/12;25
0013;7407;9656348981;346897516;2018/12/7;25
0013;7419;9662859860;322756105;2020/1/17;23
0013;7429;9631569282;28848010;2019/6/25;21
0013;7431;9672594880;279293884;2019/2/19;27
0013;7436;9621308102;320338222;2019/10/1;21
0013;7436;9644686804;308018530;2018/4/30;25
0013;7443;9647307350;92304639;2018/5/26;22
0013;7446;9645830980;89931423;2020/2/28;25
0013;7447;9687117688;328680767;2020/1/14;26
0013;7448;9664142935;288948439;2018/12/2;22
0013;7450;9642554485;271039873;2020/2/15;20
0013;7462;9664073312;235069969;2018/1/13;27
0013;7474;9621617294;176195571;2020/2/1;21
0013;7478;9689687483;146685013;2018/9/13;20
0013;7481;9691861935;67851286;2018/5/23;25
0013;7484;9647613371;185753364;2019/3/9;24
0013;7487;9638998942;148955274;2018/7/6;23
0013;7492;9667138344;213158851;2018/3/23;20
0013;7494;9685807586;285174309;2020/1/18;20
0013;7500;9612285261;64054564;2020/2/15;22
0013;7503;9635572504;120824123;2020/1/2;26
0013;7504;9658686160;166971222;2019/12/10;24
0013;7522;9660704514;194436727;2018/11/16;24
0013;7527;9697046025;197704620;2018/2/22;25
0013;7532;9686596400;262363468;2020/2/3;21
0013;7539;9628647661;141867688;2020/2/6;23
0013;7539;9691179400;224464151;2019/11/5;26
0013;7560;9681114040;265252819;2020/1/28;27
0013;7568;9666275095;204716499;2019/11/9;26
0013;7575;9642239316;41464490;2019/10/16;23
0013;7576;9649206810;73008935;2018/5/4;24
0013;7586;9683707850;31985442;2019/9/13;24
0013;7587;9681940635;267195951;2018/10/28;22
0013;7587;9694852541;318922902;2020/1/25;21
0013;7591;9686815466;219129776;2018/10/10;22
0013;7598;9678225609;180430597;2020/1/3;20
0013;7610;9619027669;127525468;2019/1/15;21
0013;7615;9681157021;164934491;2019/3/24;22
0013;7619;9660993745;327757465;2018/3/16;21
0013;7624;9681840584;48691754;2018/9/5;26
0013;7627;9687767388;100594623;2018/1/14;20
0013;7628;9634124988;157925278;2019/1/4;27
0013;7638;9685656973;311912974;2019/6/21;21
0013;7652;9640682022;228605838;2020/2/21;26
0013;7652;9659824502;25531714;2020/1/19;24
0013;7653;9642831990;112327105;2020/1/20;27
0013;7654;9672661844;244821095;2018/9/13;24
0013;7668;9634442397;259834264;2020/2/21;20
0013;7670;9650254437;161472653;2020/2/27;23
0013;7685;9631347669;56508966;2019/3/23;24
0013;7698;9635884537;30721446;2018/10/24;27
0013;7720;9623618931;173988115;2019/6/22;21
0013;7725;9659838649;261239743;2018/5/6;22
0013;7727;9641557139;166447119;2020/2/3;22
0013;7727;9646400674;245164434;2019/1/23;21
0013;7729;9698233026;52890875;2019/1/26;25
0013;7732;9647228513;276679665;2018/10/20;20
0013;7733;9668996122;32204057;2018/7/10;21
0013;7740;9646507856;31387836;2018/10/2;24
0013;7742;9630703353;37290582;2018/4/6;26
0013;7762;9670533685;189126154;2018/7/15;20
0013;7764;9664802966;141174143;2018/4/24;22
0013;7773;9699296819;100414519;2018/8/21;22
