ENTIDAD;OFICINA;CUENTA;MESES DE MORA;COD. TRANF.;TC ASOCIADA
0013;5120;5050568162;5;T3114;4344018158836859
0013;4268;5078114524;3;XZ1133;43236722Z4449864
0013;3665;5029284219;5;T375;5530038469484642
0013;5713;5081596051;5;T337;4203325932144W94
0013;5031;5037486449;3;XZ1247;46003346148X1514
0013;5055;5081372745;5;T32;5335788568516182
0013;4080;5039237426;2;XZ1195;4320768375633482
0013;1218;5062912409;2;XZ1124;4557666818389662
0013;4668;5022503749;3;XZ12;494841338B117518
0013;2692;5049884098;6;T3196;4517728982394478
0013;1548;5027550071;4;T3267;4871348736636886
0013;5753;5085937327;2;XZ1169;49338845997X6322
0013;6241;5046551944;6;T3239;4309541A91214456
0013;7698;5045771710;2;XZ121;50598323Z9373573
0013;3752;5077018577;6;T3197;456073322B628466
0013;3802;5091284674;4;T3145;49534810343991735
0013;4474;5082495975;2;XZ172;43567829Z5834246
0013;2840;5057288755;1;XZ1207;5014366544451418
0013;3937;5071852130;6;T3264;411118385B665146
0013;2443;5054184196;2;XZ198;55936422Z8826851
0013;6776;5071157278;3;XZ158;54941643915X3659
0013;5068;5031331513;1;XZ191;586716361B345888
0013;5684;5087402097;2;XZ1193;5334317731288612
0013;6913;5053324125;4;T3270;48023710978888123
0013;8873;5088368828;2;XZ1278;50761226Z6484947
0013;8409;5027206294;5;T3147;5484127933147231
0013;5312;5076867233;3;XZ1296;48138541621X3597
0013;6925;5021879863;3;XZ1174;4191101A46972761
0013;4739;5021946170;1;XZ175;42900729Z4345595
0013;1714;5079589971;6;T3121;5058538557229925
0013;7442;5077101280;6;T3172;5263155635593W31
0013;7500;5057645431;2;XZ1197;5647335846775W83
0013;3164;5013659619;6;T366;4729786149463462
0013;4131;5048275142;6;T3292;53589023Z9716563
0013;4423;5094126002;3;XZ1282;4821389995952462
0013;4145;5011146160;3;XZ193;58830910917752992
0013;5497;5082034826;1;XZ1168;417021331B688449
0013;5360;5099160783;3;XZ1122;5970428384835154
0013;5981;5073744210;5;T3224;56942847434X3422
0013;3442;5027992971;3;XZ1222;41522810153895356
0013;7135;5018679394;6;T3255;557454335B438992
0013;1248;5058579474;1;XZ1197;56758010152632971
0013;5551;5051882090;2;XZ1232;51635122Z9682348
0013;3359;5022756907;1;XZ1287;4420648845395724
0013;4325;5020585999;3;XZ1137;5746851A53443884
0013;8755;5012822920;1;XZ175;47860748877X2881
0013;8718;5021403091;4;T328;5110239964192439
0013;1793;5027536096;6;T3217;4507336133121781
0013;4812;5074134952;2;XZ1296;4220497253912568
0013;8441;5035869481;4;T3130;5127115784784W43
0013;6408;5058170487;5;T348;5076518912977943
0013;7949;5088353940;3;XZ1242;4977389799822239
0013;1208;5054683002;1;XZ177;56590747949X3826
0013;5989;5040783910;4;T3196;438438311B895853
0013;4726;5039871765;6;T321;5109538951756769
0013;5759;5016411905;5;T3282;4736028729932735
0013;1565;5042927844;4;T3127;54835522Z2721377
0013;2739;5078575946;3;XZ1299;5027629882674356
0013;3143;5080764271;4;T3101;5661636796579278
0013;8437;5056698693;1;XZ1148;42752348433X8983
0013;3894;5067782489;6;T354;5967627656841286
0013;5131;5019429160;4;T334;4335405394645W96
0013;3515;5049201437;1;XZ1222;4983557961823268
0013;2698;5023655708;3;XZ116;5429815488992W72
0013;7641;5037940529;1;XZ1128;57328910744821432
0013;4629;5067681867;2;XZ1181;41884810326872196
0013;1716;5069125635;6;T3139;5729018818257498
0013;4040;5094488553;6;T3163;4236685421671W22
0013;4155;5021558351;4;T383;4275635695255W91
0013;7138;5063696961;5;T357;44777029Z1892786
0013;6556;5060320629;3;XZ1291;5618028871916476
0013;2785;5059516528;1;XZ1170;50590024Z4795464
0013;8173;5070920159;6;T3284;4306281A48895814
0013;6610;5027676959;2;XZ187;4658065395219W43
0013;5685;5090595315;5;T3235;41862528Z5317275
0013;7464;5078109953;3;XZ1258;5248841A27359427
0013;5139;5073812921;2;XZ199;52131649691X8315
0013;8723;5063826156;6;T3127;5671318631316687
0013;5658;5053159301;3;XZ180;4555659554971716
0013;1610;5012554070;1;XZ1244;55329010614546952
0013;3833;5024123659;1;XZ1281;53834010437582273
0013;4402;5041747984;3;XZ1134;41737126Z6482873
0013;7628;5075127225;4;T3144;59516710679376443
0013;4817;5028357216;5;T3300;4119091A45634776
0013;5235;5013459683;3;XZ1257;505323348B873766
0013;4771;5046951780;6;T367;4664995641878W68
0013;6976;5099142506;3;XZ116;5491366641649735
0013;5670;5035593541;1;XZ1132;4182639777125916
0013;4816;5073903802;4;T3151;46271110578335833
0013;6012;5042461582;2;XZ1197;4589075786353W11
0013;7448;5027140077;5;T3206;4586538374682414
0013;4349;5077969571;4;T342;4837331A21496858
0013;2393;5025087200;4;T3209;5446458646886323
0013;2551;5082482868;6;T370;5015829462439927
0013;2830;5060543428;5;T3220;5181559814797961
0013;5462;5093914252;1;XZ1258;5309311A94432869
0013;5220;5064835479;3;XZ1213;5095548873723243
0013;7176;5040411726;6;T3266;56903328Z5846915
0013;1256;5061107749;1;XZ1178;5371481A17858635
0013;4172;5090720387;1;XZ1105;5668139915519761
0013;6107;5083762853;3;XZ1167;5147066221714138
0013;7406;5043347893;6;T316;5398111A43986327
0013;4166;5098834933;2;XZ199;5523678672685965
0013;2385;5029508197;5;T3243;47119410183311919
0013;6791;5092436190;4;T3230;4390149421241324
0013;6296;5059839596;3;XZ1100;547759398B851671
0013;2765;5046357465;6;T3104;5850658219167437
0013;3413;5011904058;5;T395;5208895322853W73
0013;8531;5059262369;5;T3235;4813411A93538589
0013;7727;5044596112;1;XZ1116;44740842845X5966
0013;5838;5080238885;2;XZ147;4901407648792962
0013;6836;5066564173;3;XZ1104;5703155586167W74
0013;8532;5054971743;5;T334;442843329B937888
0013;8860;5025910456;5;T3252;42527826Z8849769
0013;1766;5092391470;5;T320;4888857596199915
0013;2612;5070595471;4;T3221;4654229221141484
0013;6578;5020703763;5;T3278;4528467778855142
0013;6867;5075364173;3;XZ1228;55180445779X6444
0013;2845;5014448618;4;T3229;4655847788286951
0013;2663;5047386989;1;XZ194;47399210852325479
0013;3640;5036379358;2;XZ1140;42935610612469324
0013;6052;5039371601;3;XZ1203;5990655228339W11
0013;6968;5073509057;2;XZ1300;477988349B898559
0013;1173;5040421951;2;XZ14;4615997795676158
0013;4675;5042654730;4;T3141;5196751A54678373
0013;6019;5043779663;5;T3139;4427865984481W21
0013;3223;5041810224;3;XZ1256;5465235962681W48
0013;3285;5015021736;4;T3190;4594097611263274
0013;6299;5035655807;3;XZ187;5964917516871397
0013;7313;5072182315;1;XZ1134;503350322B796848
0013;3678;5029760516;4;T349;4844165732433W93
0013;1969;5011684382;3;XZ1119;5631466554635299
0013;3191;5041320899;1;XZ188;4690217827666963
0013;4496;5029339576;3;XZ130;43629147874X7658
0013;4368;5093821543;5;T3101;480265364B831658
0013;3624;5016344360;6;T382;56211522Z5468962
0013;3919;5040620456;2;XZ1230;5643356245193251
0013;7492;5078648421;5;T398;4317241A33727665
0013;8860;5079410901;4;T3110;45494442953X8912
0013;3098;5061995712;6;T3151;4924095248941W94
0013;5865;5084492020;3;XZ1144;4600215748654W55
0013;2809;5039543663;1;XZ1207;49837310417862167
0013;3311;5067224118;3;XZ198;427691392B647254
0013;1268;5091829216;6;T3300;4285181A36892228
0013;2543;5071591855;1;XZ1146;5968107882427267
0013;7598;5094707202;5;T320;5433451A47979536
0013;6185;5060831227;2;XZ1262;5551009611637355
0013;3658;5015242126;5;T3157;42683244489X2462
0013;2478;5020297199;2;XZ1275;5345118488739585
0013;4582;5013531188;3;XZ1290;5695521A31665254
0013;4249;5067038012;3;XZ1186;5202846583314146
0013;3856;5017243808;5;T3263;4811197166418274
0013;5165;5066144285;4;T37;5627026426737655
0013;3821;5098121089;6;T329;4309007845858622
0013;4421;5080727255;6;T3142;444218329B115842
0013;3120;5065718318;2;XZ1154;5273798319643841
0013;1035;5054146518;2;XZ137;57762610183714443
0013;5835;5050017709;2;XZ1144;5502267224819784
0013;3351;5049142888;3;XZ1212;5283159435873113
0013;5197;5082286545;1;XZ1194;5350891A36144354
0013;1556;5043708627;2;XZ110;55824221Z3886831
0013;8127;5064556838;5;T327;5216155146655W13
0013;3508;5052604682;1;XZ1283;4656435625912W67
0013;2998;5050419442;5;T369;56848341751X8779
0013;1570;5025687270;3;XZ1185;5915028422888974
0013;8058;5028067899;4;T345;5001838791295669
0013;7072;5060174395;4;T3150;53020522Z4649277
0013;3861;5017479869;6;T397;57022423Z5387615
0013;3082;5027992625;4;T324;43184729Z2453333
0013;5429;5096943142;5;T3273;51815143155X8183
0013;2941;5075517177;2;XZ176;5326766742132615
0013;7352;5054952585;3;XZ1186;5147125627838W38
0013;7297;5091446001;5;T3190;4794428369692537
0013;4991;5055506453;1;XZ1156;50095645266X2193
0013;6698;5023100576;6;T3141;51437910918767565
0013;4615;5065106597;4;T3164;567041335B621781
0013;2230;5036555804;3;XZ1194;5543929616425972
0013;2636;5051174409;1;XZ134;43690143647X7229
0013;4397;5026368261;5;T3104;5603438413425319
0013;5065;5039851845;6;T3121;5945887191478485
0013;7586;5059145289;6;T313;4814389826887457
0013;3438;5094627125;4;T3202;4196558331847895
0013;4941;5096196378;6;T3299;5583409945732533
0013;4361;5085057177;5;T358;47319029Z6336211
0013;7407;5097635874;3;XZ1183;4165121A81648435
0013;4070;5040154793;5;T3283;5173607641293836
0013;7151;5041417731;5;T372;5964081A49542516
0013;1190;5038301065;5;T3107;49304410428396825
0013;5821;5089598892;6;T310;59256241398X4482
0013;6785;5033631008;5;T393;50858324Z6748987
0013;8386;5067136492;5;T316;5344925872132W62
0013;4602;5050391027;6;T348;4199931A17869992
0013;3492;5046585646;2;XZ152;4680097861732385
0013;7016;5099661988;3;XZ1222;44947910233765114
0013;3986;5031228713;1;XZ1254;48692129Z1555252
0013;4687;5095130079;1;XZ178;4684896468186779
0013;3030;5023549652;1;XZ1261;4877077433391214
0013;5177;5052119244;2;XZ1130;5966478632253189
0013;3445;5091236534;6;T3295;5847601A98345497
0013;7568;5086286595;4;T3137;52214125Z4398827
0013;3449;5011936375;1;XZ1165;497795381B338768
0013;6780;5035151135;5;T3177;4232656593193138
0013;4508;5065039833;1;XZ142;54630710814813958
0013;3502;5068097680;3;XZ183;5035796712743587
0013;6677;5036260877;3;XZ1263;515474361B939723
0013;4145;5088450677;4;T3256;4139045129845W31
0013;4694;5038161493;1;XZ150;4660209276829534
0013;8825;5093750274;3;XZ1276;52228010495157193
0013;4306;5012561090;1;XZ166;4229635534675W89
0013;4516;5090162336;2;XZ11;4938081A44785459
0013;3360;5071018782;3;XZ1182;42056146821X5293
0013;7532;5053047879;4;T370;53705422Z1975938
0013;1410;5078337194;3;XZ1267;490603315B296712
0013;3800;5035853851;1;XZ1192;5715367312755248
0013;6233;5027527568;3;XZ1267;5026846637932157
0013;3012;5088721050;6;T378;467885393B869529
0013;8572;5080098301;1;XZ197;5827508834764711
0013;8120;5067122125;4;T3100;4357379261395613
0013;6250;5022080302;2;XZ130;5875876554125725
0013;4117;5059548515;6;T313;44033328Z3942298
0013;5694;5074300629;1;XZ1204;44439643471X3882
0013;4494;5041476772;5;T3125;55824110751942296
0013;1603;5051650574;6;T3170;5700735614488W29
0013;8762;5046509517;2;XZ163;5853917735152387
0013;3760;5014800964;3;XZ1279;4886797828714625
0013;6150;5031900635;4;T348;494700355B383186
0013;8673;5097500964;6;T375;5490247697959529
0013;8321;5049566187;4;T3179;4659591A36932473
0013;4314;5093065358;4;T337;5509818417669947
0013;7792;5025255383;2;XZ1248;423451367B268915
0013;2882;5021308409;1;XZ1149;4767249645471295
0013;7000;5053365509;2;XZ1240;5084937853117949
0013;6347;5083938766;4;T3162;45760310313821538
0013;4582;5023131356;3;XZ1274;58483926Z1847663
0013;2131;5054412086;3;XZ1297;5375597925749933
0013;6803;5081155353;2;XZ1135;4393088592348753
0013;6671;5042018971;4;T321;48431149331X9498
0013;2817;5059173743;6;T3293;5778298383671971
0013;6839;5014133691;4;T352;533266381B263868
0013;7945;5075358917;5;T3155;4537285824732W84
0013;2430;5025160278;1;XZ1203;57616547691X6639
0013;7394;5075632103;3;XZ1281;41834810931611569
0013;2961;5095736258;2;XZ1226;440185387B283143
0013;4973;5031298544;3;XZ1145;544669395B465924
0013;1290;5027641755;3;XZ1236;509554392B567928
0013;5035;5039513052;4;T3294;55255442522X9498
0013;4361;5077068629;1;XZ15;4833466116234693
0013;2550;5016339359;3;XZ1216;4995716112975835
0013;8770;5040242336;1;XZ1103;55075921Z9578717
0013;1870;5038408187;5;T3208;5971887972163452
0013;1721;5052637120;1;XZ1271;4170319191951651
0013;3767;5097410929;2;XZ115;478582317B589877
0013;5911;5051463621;6;T3274;5120491A14385936
0013;5608;5031922935;4;T3154;5230165152779W26
0013;4058;5024276568;1;XZ1165;57961410864726476
0013;4267;5071605628;4;T349;568478326B717145
0013;7635;5093070522;4;T36;4982095154464W47
0013;1628;5047763962;4;T3156;4539359688625161
0013;8136;5078647318;1;XZ1237;5789395459577W14
0013;4719;5030878977;5;T3194;55146043935X5453
0013;3512;5016806735;3;XZ161;566088379B676743
0013;6856;5048769210;2;XZ1117;54362843423X2469
0013;6023;5035179350;1;XZ123;47380328Z5389553
0013;7652;5067831448;1;XZ1238;53214210697576744
0013;3822;5019646043;1;XZ1112;5724516542339815
0013;1875;5039404521;5;T3247;5202218711592741
0013;5700;5058611225;1;XZ1138;45477310969349542
0013;2413;5077149339;1;XZ142;5855569739151228
0013;6266;5042430507;4;T3210;5257385644847W77
0013;6430;5075744010;5;T3187;5104525645665W61
0013;4274;5046786255;4;T3131;43846029Z2942291
0013;8623;5089391056;6;T3268;48916142264X6582
0013;4216;5079981398;6;T3107;4716136513756176
0013;4499;5021505832;2;XZ11;56513643859X7256
0013;2813;5077996894;4;T3120;5146195364164W24
0013;6228;5016600745;2;XZ1168;42527010167332313
0013;7768;5076826237;2;XZ138;504656369B317754
0013;6130;5051263392;4;T3164;4454749741497724
0013;7195;5077759568;4;T3116;4444917946763572
0013;6153;5096679490;1;XZ1295;48730210432519233
0013;2848;5085857920;4;T3233;5277501A94737656
0013;2853;5054045124;3;XZ1249;5551039338641759
0013;1382;5032837978;2;XZ1224;54794248759X5775
0013;3752;5079971978;4;T3273;5359068264217856
0013;2678;5024166778;6;T3118;4656448757238416
0013;1396;5068588655;5;T3226;5412631A98567212
0013;1505;5078790694;1;XZ1132;4571321A26843442
0013;8146;5066146938;5;T3175;5377248531973719
0013;1343;5090309957;1;XZ1145;4117426257275955
0013;3342;5030960035;4;T3232;57143247323X1983
0013;4699;5072079433;5;T3260;54993849786X5977
0013;3549;5044683525;4;T3134;50628542419X7622
0013;4172;5023222378;5;T3249;58474325Z9776954
0013;4027;5097407592;2;XZ137;4237438585199782
0013;3104;5056606806;1;XZ1128;4131238516579893
0013;4943;5098591863;6;T387;44996327Z6454117
0013;3326;5014338035;2;XZ1161;4148288162594151
0013;1002;5031523333;4;T3155;413312369B785865
0013;3397;5019510715;5;T373;4307056598983722
0013;2103;5023508267;1;XZ119;48123710948144828
0013;2880;5096710079;6;T3146;4886148631142975
0013;1177;5026713144;6;T339;5800075672377W76
0013;5140;5061083408;1;XZ1147;5491375559724W64
0013;3983;5077370692;3;XZ1217;5273298837747894
0013;6178;5033550139;5;T3215;5422845333226W42
0013;4609;5031919106;3;XZ1202;4580078753946549
0013;2531;5096200012;6;T3104;58664225Z2532481
0013;4880;5019397376;1;XZ1260;5183798535873148
0013;5253;5053948751;2;XZ15;43483827Z4334881
0013;2025;5065265523;3;XZ1110;49576510463933683
0013;5000;5059386564;4;T3293;52819242979X2988
0013;8734;5056612217;5;T3278;4967948164244544
0013;7884;5029520537;2;XZ1210;4853699917154423
0013;6577;5013538861;3;XZ151;5194771A29896594
0013;2660;5097824245;6;T347;555152372B625484
0013;3223;5046123208;6;T3297;49085921Z8864729
0013;1827;5069150614;2;XZ1210;49507829Z7117624
0013;6830;5043572527;5;T383;5710297464694744
0013;3871;5052486846;4;T350;485046359B743574
0013;5126;5019359853;4;T3252;5963078649381198
0013;2699;5081823310;5;T388;5366898117595331
0013;2566;5031093614;5;T3111;5837808635948586
0013;2641;5022836129;6;T3200;47051626Z2275517
0013;3039;5049048732;3;XZ1240;57701047539X8517
0013;2643;5069518937;5;T3285;5021937141562377
0013;5919;5031071121;3;XZ172;5839156793966573
0013;5338;5091420703;1;XZ1151;5583228231525166
0013;2950;5076814171;2;XZ143;57352122Z6321276
0013;7587;5089263547;3;XZ1184;4900561A88655669
0013;5424;5096587845;4;T351;47348243241X2336
0013;7586;5042737912;4;T3182;4400067249662778
0013;6412;5048394625;3;XZ197;434479344B723229
0013;1132;5073854207;6;T371;4445395962247W88
0013;3172;5098018640;5;T3254;46096610189156416
0013;7740;5097621683;2;XZ1187;4799256431397698
0013;7701;5099780853;3;XZ180;5103789515942477
0013;2289;5046239751;4;T3193;5693361A56554511
0013;8694;5062178279;6;T3244;5337506538181456
0013;4816;5022745516;2;XZ1102;5547427693591472
0013;3364;5030100189;5;T3112;585441311B835938
0013;2680;5059924745;3;XZ176;4177859728742943
0013;6074;5022884617;1;XZ1276;4583866676545539
0013;3603;5025301431;2;XZ1297;5219795665373W11
0013;7069;5060452608;4;T3262;5226361A51841369
0013;6770;5011978109;6;T3125;4753998344781958
0013;6907;5086896204;2;XZ1204;5598279379666624
0013;3020;5065734618;3;XZ1203;52849010921566915
0013;7081;5069921735;2;XZ1178;4131776465518755
0013;7242;5099308183;3;XZ1204;47811041428X4189
0013;3504;5040365706;5;T3116;4192928347869392
0013;4252;5092598244;5;T348;53906323Z5631582
0013;6406;5044130920;1;XZ1255;54493110441776412
0013;5793;5055146181;5;T349;5361401A32546166
0013;4771;5083431370;3;XZ1213;562192326B622661
0013;4409;5088940747;1;XZ1225;57703127Z3889644
0013;7517;5071044948;5;T3255;59428510964485732
0013;1991;5087480366;2;XZ1223;5855721A72623234
0013;5233;5060100760;4;T3289;4784691A79286496
0013;1526;5074654259;4;T3282;4876627948684191
0013;6234;5028290339;1;XZ1202;5249485823165W32
0013;1333;5072546272;3;XZ1285;5361715298228W79
0013;6961;5080294589;2;XZ1240;4964165234269W71
0013;5728;5077794089;1;XZ1220;42405910418869891
0013;8834;5042454567;3;XZ1139;58270943641X9157
0013;8431;5044513599;2;XZ1202;5568046693365554
0013;4038;5057399661;1;XZ183;5181196839939519
0013;2403;5091244678;1;XZ1175;51555810544657573
0013;4311;5038959852;2;XZ1227;5354669381868622
0013;3556;5088376426;6;T3199;5888121A22415269
0013;2488;5045364206;3;XZ168;50244510195473276
0013;4833;5087536863;6;T3104;51335924Z3156392
0013;2952;5056232675;3;XZ1110;4494665497327W99
0013;8884;5081310588;1;XZ1245;4652427693919657
0013;5481;5024979581;3;XZ1216;46629223Z4322435
0013;3311;5065896286;3;XZ1150;5732757862523573
0013;8222;5087391294;6;T380;5534228349741265
0013;5334;5070365699;3;XZ198;46643647465X6963
0013;6507;5069313393;6;T3127;5788316645951387
0013;2501;5028297159;2;XZ1195;5702131A53388136
0013;7478;5090539294;4;T324;5339531A78394526
0013;5448;5064589249;1;XZ1269;4387339132999928
0013;6432;5099536575;2;XZ1161;5910778529721115
0013;6489;5077533240;3;XZ1263;5186921A33564982
0013;3281;5037617340;5;T3148;5296926942223736
0013;4499;5022527998;5;T3154;43053610469372328
0013;5772;5012108676;5;T3194;5550175456465W44
0013;7278;5082555130;2;XZ1251;42197010997674383
0013;5531;5035063382;6;T344;5068885357394W61
0013;1436;5016984858;3;XZ1119;43902143648X7773
0013;2311;5084727582;6;T362;4503025168819W98
0013;7484;5074384447;4;T347;481192349B711694
0013;5194;5019027277;1;XZ1286;5656545738491W51
0013;7373;5014117039;6;T3174;4852177445134532
0013;5940;5085849305;6;T3288;43772246842X9447
0013;3166;5099448751;5;T3131;5333681A65434625
0013;3639;5039043574;6;T3244;5380886996378376
0013;6016;5063364747;1;XZ1104;49109124Z2749643
0013;4078;5042659125;3;XZ1287;45045022Z9159716
0013;1663;5069990837;3;XZ1207;5197237594885399
0013;1509;5034389060;1;XZ1111;5994459323496692
0013;4779;5095420247;6;T352;4159311A24614366
0013;5423;5092007371;6;T356;448055342B264621
0013;6844;5097810472;2;XZ1221;48933042855X1981
0013;4870;5017880760;2;XZ111;52644943987X8255
0013;1984;5086422287;2;XZ1252;476901331B542391
0013;5383;5069353139;3;XZ1157;54932710628967874
0013;6431;5020084585;1;XZ1199;48295324Z9469537
0013;5160;5098189891;4;T344;552012391B395422
0013;1314;5084207655;2;XZ1247;4776886678664987
0013;7167;5024752461;4;T3114;542170386B556142
0013;5846;5044342522;5;T3168;42143223Z5968452
0013;4610;5078640416;4;T396;5112979227467987
0013;6776;5044510090;4;T377;58206610298477632
0013;7010;5066769853;2;XZ1190;4853827277555652
0013;6181;5011448154;3;XZ1168;4584829656174824
0013;7522;5041119110;6;T3237;5526478553671984
0013;4618;5029393778;3;XZ1167;59003346293X7558
0013;5091;5011901758;5;T399;5618221A28745132
0013;3667;5083908499;6;T3173;4553819832841796
0013;6164;5026195863;5;T3238;4632977759564252
0013;4352;5048649114;3;XZ1144;4396358414813255
0013;3907;5075315176;2;XZ1122;51838126Z8817495
0013;3551;5094312005;3;XZ192;5167756654383753
0013;4845;5086284254;4;T3111;5758385614835W67
0013;5639;5049550588;4;T3121;5218406431875352
0013;5708;5086840055;6;T3127;4942288942565155
0013;8768;5095522730;3;XZ1268;5237831A62547527
0013;2892;5055648247;5;T389;595097345B368662
0013;1592;5048828498;6;T3148;46235610476624673
0013;2780;5054479768;1;XZ1127;5411519213978448
0013;1412;5019335852;3;XZ1230;4480185198451W26
0013;2464;5066693982;1;XZ186;4855526696666313
0013;6085;5098340618;6;T3238;49278423Z8784926
0013;5080;5087915171;3;XZ1163;542493318B793925
0013;8439;5064468882;3;XZ1122;459405352B779982
0013;2768;5055915911;3;XZ1135;47293910154794123
0013;4941;5083779913;3;XZ1205;4332659482156334
0013;7852;5075364312;3;XZ1136;4648129579451725
0013;6474;5012581082;4;T327;47378943335X2639
0013;8740;5025294732;1;XZ1297;5611509827456867
0013;3030;5053239567;4;T354;5418937562263313
0013;1764;5091913000;2;XZ1238;5289447612817334
0013;1028;5011865813;3;XZ1189;48044710494937578
0013;2786;5099764694;5;T3172;4166636928658877
0013;7624;5048218509;1;XZ1188;4192179243489673
0013;6475;5021400212;4;T3141;5140115532866W53
0013;2564;5018080970;4;T335;547167331B163635
0013;4904;5016014664;6;T3284;509259345B675162
0013;1066;5012697568;5;T330;593421372B283644
0013;3758;5032356340;6;T3294;54142226Z7751543
0013;3844;5070683678;5;T349;43687910167517855
0013;5214;5027055983;6;T386;50278228Z2681342
0013;2158;5086456870;4;T3117;56173021Z9377173
0013;3467;5038563593;5;T339;5129957214259848
0013;3191;5049172788;6;T3193;4856835313763W74
0013;4549;5033841974;3;XZ1181;5749491A88161831
0013;2782;5087092785;3;XZ192;44461643164X8191
0013;3831;5080516760;2;XZ180;57079928Z4353449
0013;4075;5097287296;2;XZ1241;5021345247978W56
0013;1634;5072290949;1;XZ1191;5260767769495877
0013;8437;5071267031;6;T3212;5579128867158638
0013;3210;5095354762;3;XZ1162;5563071A56769317
0013;7088;5096815941;2;XZ166;45633625Z1442699
0013;4834;5052134157;5;T3206;5677505665899W37
0013;6392;5065664468;1;XZ1117;5660277122149892
0013;2565;5037040900;6;T3193;4208708659162684
0013;2644;5048080790;2;XZ1218;5012261A56886284
0013;5035;5039745171;4;T3234;598797342B895915
0013;6290;5014320089;2;XZ1222;55258028Z6723495
0013;3835;5013139836;6;T391;4976891A46458572
0013;7474;5064598351;1;XZ1109;58478528Z5767279
0013;5077;5046725688;6;T3210;4210306865245511
0013;7729;5028652548;4;T3283;4928008712466431
0013;3908;5098648630;2;XZ118;4271408419737823
0013;3357;5012405671;3;XZ17;5859046316483681
0013;6893;5046662300;1;XZ1265;52179944247X8478
0013;5368;5099469440;3;XZ169;51667722Z8492147
0013;2418;5047059422;2;XZ1265;4662926385487624
0013;2315;5071554838;3;XZ110;5311901A18632848
0013;7503;5036670512;6;T354;5832721A89145757
0013;2946;5061127528;1;XZ160;5198309144785665
0013;3574;5030395761;4;T3208;44306110468674166
0013;1393;5030772983;1;XZ1222;4379467577958644
0013;5373;5044003167;2;XZ183;43652249979X8562
0013;4469;5051409205;3;XZ181;5651009951771894
0013;1358;5074091280;1;XZ1138;5371897496226472
0013;3709;5070060192;6;T3279;47017542473X7747
0013;5073;5071066336;6;T384;5927185328165W34
0013;3788;5017563931;3;XZ14;55575110129678959
0013;7586;5048354114;6;T3187;4762181A49212614
0013;6600;5032554016;3;XZ1278;5583635592349W39
0013;2661;5027400793;1;XZ195;5111967952826617
0013;4295;5061427599;1;XZ1103;437267316B453228
0013;4996;5061491449;4;T310;4525158582794119
0013;2114;5069160222;5;T3222;4615619757936343
0013;3712;5020323948;2;XZ121;4251021A67736552
0013;2520;5063510984;1;XZ1162;5982718123117825
0013;2869;5045878050;4;T3266;5980868848794554
0013;8755;5056970051;3;XZ1254;49012310232948632
0013;2336;5065351163;2;XZ1257;4884691A49435994
0013;3343;5089152506;4;T324;4422409333233278
0013;6214;5092095054;1;XZ1143;5832799922131785
0013;6578;5020711015;2;XZ144;4374746499636573
0013;3965;5066631578;4;T3282;43623841748X2762
0013;3338;5064612740;4;T336;4396451A51892651
0013;5059;5035053925;4;T388;4797456118884399
0013;1961;5061298640;3;XZ122;4710899267559164
0013;2187;5057459883;1;XZ1230;4953155641257W37
0013;4348;5035315997;5;T373;4294855188843W41
0013;5586;5082836827;6;T3106;4636629925586799
0013;5821;5086616577;2;XZ1260;5045149953225439
0013;2608;5052008506;3;XZ1279;564688315B619668
0013;6637;5086108352;6;T346;4154869394924463
0013;6151;5052441105;4;T3248;4896129792741698
0013;4552;5037600449;1;XZ1210;559030382B697666
0013;4662;5070572931;5;T338;4650941A53512165
0013;7763;5029367227;1;XZ1220;46459021Z9271527
0013;5670;5031540086;3;XZ191;423802363B338496
0013;6826;5024489262;5;T3103;41268210752989647
0013;3961;5013919130;5;T3114;5517569789297394
0013;4015;5039227815;6;T3208;5816479447738888
0013;2945;5041556281;5;T3228;4593359243651255
0013;3947;5098298603;6;T3244;5362296316917463
0013;7518;5024613276;6;T3167;4152655958687W18
0013;5823;5039542387;1;XZ1114;4300005218676W24
0013;1197;5034236948;4;T360;426941338B825929
0013;2017;5051281566;3;XZ174;5671355595478W29
0013;7523;5039302398;2;XZ16;5777871A52837186
0013;6916;5062205284;3;XZ1128;44349423Z8221461
0013;3881;5040147294;5;T3182;4455281A12154728
0013;2607;5035046013;4;T3163;46384710364365811
0013;2581;5050653643;1;XZ147;4286848984159615
0013;6222;5046861836;2;XZ1175;4763265388944W24
0013;2336;5093662262;2;XZ1136;4635236151917568
0013;5233;5049790980;5;T314;4170526231858537
0013;4533;5082819276;4;T3236;50302710557431518
0013;6543;5019465692;3;XZ1117;43547743839X7634
0013;7369;5025310556;3;XZ1239;5392276228574154
0013;3706;5059123811;6;T340;5426201A85475333
0013;7610;5061526003;2;XZ1245;47306048684X6398
0013;7064;5011452418;6;T3215;53922327Z7357658
0013;8398;5061416768;3;XZ1126;51082410832181338
0013;8014;5054631414;1;XZ150;54616526Z5363722
0013;4816;5073666584;1;XZ1192;5005381A36631439
0013;4303;5062433167;2;XZ1263;48756228Z6727346
0013;7494;5039045688;5;T3202;51136923Z7374621
0013;3154;5045267340;3;XZ150;5662829262729336
0013;7096;5034857361;5;T3219;5413216334392652
0013;8089;5016557284;6;T3146;4912876233591799
0013;5163;5060238107;2;XZ1150;4340628666593196
0013;1324;5063857859;6;T352;5695136118368561
0013;6990;5094148843;4;T349;520429356B484997
0013;1680;5054161664;5;T3231;5741877338885669
0013;2548;5073018585;6;T3149;524811346B762467
0013;6826;5027634296;3;XZ1196;5825375167356W69
0013;7198;5022154113;6;T3262;56450926Z2719714
0013;2395;5018795314;6;T320;5988838152993682
0013;1393;5025061359;6;T3291;4418565715126W63
0013;7978;5063751028;3;XZ1259;5719336686443947
0013;7002;5030813811;2;XZ127;51198210119929846
0013;5556;5059502270;4;T3123;4449939159927267
0013;7099;5077111742;2;XZ1121;56968022Z1446189
0013;2772;5087079056;2;XZ181;53650510913653228
0013;7092;5058057339;4;T3165;483407387B448791
0013;2513;5068516598;3;XZ1204;5267431A32351895
0013;8328;5039335032;3;XZ1128;5119147269865479
0013;3373;5019221883;2;XZ1289;59418429Z3488778
0013;2760;5060295189;4;T3100;46554810165468485
0013;6793;5042283959;1;XZ1216;4793536267838612
0013;3199;5017719650;2;XZ1178;487922337B244768
0013;7872;5047829791;4;T358;52717810622516696
0013;2533;5053791979;3;XZ1180;4737226265291651
0013;2927;5085969055;5;T3108;50270227Z4828795
0013;4170;5070863541;6;T3210;5927256257847634
0013;5195;5031917776;1;XZ1234;5628346943649331
0013;8018;5029760599;3;XZ1105;4238166685776678
0013;7408;5029905418;3;XZ1218;4873576945671687
0013;5691;5070022363;5;T3100;5169398518285917
0013;5667;5045561615;1;XZ1295;455598352B979375
0013;6749;5087783583;5;T362;47833910651921668
0013;5883;5061026693;1;XZ1121;5066825244778W27
0013;3047;5035600215;4;T332;4218056871815365
0013;6463;5054008413;6;T3174;4435755121284W49
0013;8280;5041693113;4;T3254;58045610475661654
0013;8559;5058303543;2;XZ1252;5215045997651W32
0013;3324;5028111105;6;T358;533510328B231133
0013;7449;5050040554;5;T394;58998710199393916
0013;6992;5053580719;5;T3205;4954779169176898
0013;6602;5024322853;4;T3136;49138510361219912
0013;4435;5024992487;4;T370;4546947171956528
0013;1009;5031025297;5;T315;4571626337151869
0013;6605;5052813897;3;XZ1199;46050128Z2559234
0013;1544;5014901240;4;T331;5756579537819562
0013;1989;5076750631;3;XZ1143;5400131A69855196
0013;6776;5026853479;6;T3207;49981910244871287
0013;1110;5019166929;5;T3258;5937919833528212
0013;5875;5021685514;2;XZ12;4179801A62526129
0013;1593;5069228419;4;T346;5143848957711527
0013;3019;5011250369;2;XZ121;47536310782785869
0013;5251;5020041861;5;T3109;4865639321437214
0013;4228;5031402904;4;T3132;5201369687651737
0013;3330;5044393210;6;T376;4641049283361587
0013;2316;5038319352;1;XZ1283;4850945949471W11
0013;3955;5041740060;4;T321;506651385B613158
0013;5748;5090877766;2;XZ1275;5793386613975116
0013;7426;5013071923;5;T368;53782226Z2317547
0013;4933;5042321851;4;T3255;42303747181X1252
0013;7415;5084323504;2;XZ159;4767981A59824852
0013;6069;5028362968;5;T3250;5295825161791W66
0013;4620;5037247369;1;XZ1184;52694922Z8889172
0013;3544;5040581313;1;XZ1221;5683165473891W63
0013;8520;5023434369;1;XZ1130;5916327898926922
0013;6390;5087564016;4;T3190;4622998944753874
0013;6890;5062829767;5;T3182;50961325Z6323871
0013;2796;5045165227;5;T3162;46475528Z6759569
0013;3799;5042100239;3;XZ1273;595374363B773627
0013;6678;5011252997;4;T3115;58310748684X1734
0013;7102;5079375395;4;T3112;4766047586626243
0013;1333;5060870466;4;T3219;553469389B791626
0013;2636;5041105503;2;XZ1269;45140849987X6886
0013;8385;5043498558;1;XZ1145;5621501A69115259
0013;3964;5079043437;1;XZ1110;4425046236555394
0013;2716;5089700000;5;T3164;42113410312642362
0013;4881;5044655045;1;XZ196;5508099328186579
0013;8312;5056207853;1;XZ1131;505961361B124633
0013;7910;5067118578;3;XZ1206;45977145492X5192
0013;4035;5087249705;5;T342;5789006638658656
0013;1284;5081905896;2;XZ16;4611907743149541
0013;5549;5048049364;1;XZ185;4392405956399W56
0013;8025;5016407805;1;XZ1115;468130352B625597
0013;7610;5089860107;4;T347;461682344B313882
0013;4988;5023056917;2;XZ1202;55014510382131664
0013;4141;5048172871;6;T3182;51729910683511521
0013;1605;5083318307;2;XZ160;4823708611627197
0013;6576;5012762604;4;T3192;5751537931549742
0013;2635;5065272979;1;XZ1185;4930606396762742
0013;1108;5034578699;5;T3294;59564944899X2611
0013;7271;5071816109;6;T3177;4898021A81861996
0013;1561;5014404193;1;XZ1210;5343149957494671
0013;2246;5035558429;4;T3257;5621526523961489
0013;6788;5082881058;1;XZ151;58118822Z1796172
0013;6285;5013926642;5;T3191;5750578423372418
0013;5528;5059877780;4;T3129;527696382B551776
0013;3574;5076175260;5;T3211;5030739748175219
0013;6444;5059276741;1;XZ1185;560692355B798735
0013;4296;5058237968;3;XZ1198;4865386637334955
0013;3748;5029308486;3;XZ1229;4827395464897W68
0013;6760;5072578055;2;XZ1213;51356126Z1141957
0013;2965;5040238078;2;XZ1277;59981510938519623
0013;1808;5030152491;2;XZ182;5883795632642W46
0013;5475;5088746197;5;T3194;4616321A95373941
0013;1011;5039461241;5;T3217;5336055714567W68
0013;3629;5053647832;3;XZ138;4248089764542519
0013;2689;5044278877;5;T336;49936828Z9356565
0013;2093;5051704302;1;XZ1292;41563328Z8136795
0013;8237;5055945830;4;T3165;5160568293658377
0013;3402;5070005440;4;T3217;4766355183657W18
0013;1183;5054868230;3;XZ121;5995481A79577152
0013;2051;5037446280;2;XZ1161;428266399B529728
0013;3587;5057438171;3;XZ156;536094385B222754
0013;5046;5056354352;2;XZ1284;5152815838168W33
0013;6991;5052239505;6;T3161;5093718939754971
0013;1997;5059051486;3;XZ1121;47833910682533216
0013;3778;5058057304;1;XZ1140;49880510731435513
0013;6537;5038428557;5;T3156;4463055721775W15
0013;2374;5038419752;5;T385;47106241125X2898
0013;4651;5063045868;3;XZ1170;4473305343886W99
0013;4727;5072874431;3;XZ1243;55620810165923854
0013;3981;5021517962;3;XZ1265;55984827Z2367776
0013;8723;5074388246;5;T3289;5155907235512846
0013;5476;5071285795;2;XZ1240;5212607285371916
0013;7106;5081389618;5;T3196;57161425Z8374741
0013;5009;5056910052;2;XZ1159;5733881A92568894
0013;1229;5031079924;5;T38;5384971A71228169
0013;6920;5060725976;3;XZ1249;45066725Z2774771
0013;3817;5033735350;6;T3175;4465145597858W31
0013;6890;5041618844;6;T321;53017310923326241
0013;4705;5027238582;1;XZ1149;5950148711567582
0013;2383;5034409591;3;XZ1268;497883356B985266
0013;5785;5011880318;5;T392;49412049257X5896
0013;3170;5017477902;5;T3279;4307359434853913
0013;5722;5059723922;5;T39;55351029Z2635699
0013;8375;5011704120;1;XZ140;4673785117832W92
0013;2313;5015342584;4;T340;4673157855843853
0013;6505;5082779747;2;XZ19;5874959349985943
0013;5291;5035811710;5;T3268;5423468959527517
0013;6888;5086698692;4;T3261;4205745581122W58
0013;4781;5037407843;3;XZ125;5812745148856W47
0013;4407;5082286423;4;T3114;4176748227725328
0013;2600;5025070894;2;XZ124;52386442653X7531
0013;5074;5062356698;5;T3173;4437749665162586
0013;7882;5089229649;2;XZ12;512451346B765644
0013;4554;5090855844;3;XZ162;5201441A47732948
0013;4291;5096985641;2;XZ1149;4545127822683365
0013;6007;5031707177;2;XZ1133;5120648268469667
0013;4751;5025298569;5;T3197;466964345B461495
0013;2630;5084205925;1;XZ113;4782847613138246
0013;3046;5073165778;5;T3153;5028297544461881
0013;4948;5037072570;6;T3257;42767649552X5355
0013;3098;5085484035;3;XZ139;41911547846X1167
0013;5275;5019878163;1;XZ1174;54395610878951564
0013;6329;5075823556;2;XZ1259;4406341A98438189
0013;6638;5024322169;2;XZ1186;46384046774X9678
0013;4970;5033986217;6;T3117;56230023Z9649452
0013;2414;5051797084;4;T365;5793037574889773
0013;3970;5061329561;4;T351;58943628Z2826972
0013;7955;5092433494;5;T3217;49743641295X8324
0013;7886;5032628853;6;T340;5640661A91172335
0013;4513;5047601018;2;XZ1131;44312948887X1915
0013;3238;5083600280;2;XZ1298;4862059389127975
0013;3447;5035031504;4;T3278;44552110699455265
0013;2653;5074616083;4;T3210;41133049669X1694
0013;4214;5054760475;6;T3262;48484823Z6323723
0013;4372;5091899788;6;T373;41838746946X2135
0013;5078;5019940419;3;XZ163;4991806396431919
0013;5695;5065299206;6;T3125;41899026Z2553583
0013;6841;5096071046;2;XZ1272;50179710798992414
0013;8753;5039120591;1;XZ1152;4610496942884762
0013;2829;5021844664;3;XZ1171;5760116729972942
0013;1067;5071967335;1;XZ1196;480575341B513531
0013;2559;5092632109;3;XZ121;465432344B417476
0013;7038;5017095787;3;XZ1297;48134124Z5137854
0013;4199;5078151480;1;XZ1140;4576409435914313
0013;6047;5063828752;2;XZ1186;5750779454254712
0013;4650;5073981886;1;XZ1266;5650301A24748256
0013;7742;5082757937;5;T3191;47446910243477285
0013;3544;5078883526;4;T3155;55747029Z7678173
0013;3708;5070016444;1;XZ1266;5815969385852988
0013;3607;5072743055;2;XZ114;49047921Z6628487
0013;6635;5024878915;5;T3125;58063045459X4768
0013;5695;5026996820;1;XZ1184;53136947223X5226
0013;6773;5035774290;6;T3251;54766647297X4249
0013;5037;5047509019;1;XZ178;5790858459616774
0013;3108;5071863811;3;XZ1175;572846321B232862
0013;6446;5033112663;4;T3292;50336728Z3455644
0013;6152;5068323823;4;T3245;4511266135186769
0013;5397;5087949575;2;XZ1188;52892210336443973
0013;7919;5037358433;3;XZ1220;5471158647629451
0013;4969;5076152099;6;T3176;5861671A12261511
0013;3748;5055309178;4;T384;5038747924485762
0013;6683;5075478447;2;XZ1291;5199311A21469151
0013;5955;5020861513;5;T345;5770805789184W51
0013;4288;5027510886;3;XZ1225;4141351A94254374
0013;4807;5032410424;3;XZ1231;5190475151586W63
0013;6258;5021875467;3;XZ190;514212329B842679
0013;7117;5042564802;6;T3259;58547341674X4882
0013;2205;5040329073;1;XZ14;5510136782219735
0013;5182;5056533361;3;XZ1190;5399266573973997
0013;7637;5076190234;2;XZ1283;41960710548797396
0013;1821;5029048239;4;T3105;52768010968333873
0013;1909;5069421209;1;XZ1159;5991775653692W21
0013;7186;5092136119;6;T3256;44110028Z7118532
0013;4324;5048498041;3;XZ115;5285156914533926
0013;2619;5031316253;5;T336;59159510488786574
0013;5226;5045226931;5;T3126;42712610711278939
0013;7808;5027283813;5;T393;5949676718212193
0013;3869;5079465000;2;XZ197;5526328897354141
0013;5924;5081562220;6;T3232;4347585813582W97
0013;5610;5086942024;6;T3197;5004437961144639
0013;4645;5084021243;4;T3117;540253369B732894
0013;3053;5059870857;4;T3213;51102110143497927
0013;5129;5072561793;6;T344;43027823Z2646424
0013;5356;5083674278;2;XZ1206;44740710663349321
0013;3721;5094195940;5;T3191;53794810731985465
0013;6525;5018534678;6;T3244;4184415963385W92
0013;2115;5072005651;2;XZ1299;46622623Z5389927
0013;5298;5041223428;3;XZ173;5710149324699239
0013;2002;5062947081;5;T3185;54106141589X9226
0013;2346;5029674800;3;XZ1154;52455123Z4996284
0013;7573;5041820635;4;T3169;5368299839135521
0013;8207;5067414250;6;T380;5258575623254W55
0013;3836;5068115290;2;XZ1148;45349010995987176
0013;2885;5029928998;1;XZ1158;4986906381238833
0013;5853;5080171677;1;XZ166;5440749293652449
0013;5882;5076942728;5;T319;4273125865642W92
0013;4149;5044741612;2;XZ1206;5254145673251W31
0013;2823;5013205505;3;XZ137;43999621Z9639527
0013;4250;5021834824;4;T394;4924901A56652516
0013;2133;5047114576;5;T3291;4343818419647962
0013;7282;5039383474;5;T36;4639485821758W63
0013;5474;5032772609;5;T3169;56691746257X2886
0013;4800;5021212006;3;XZ1164;5963319954919115
0013;2733;5034534026;6;T3231;5832537177934517
0013;7845;5097642839;1;XZ1141;4122516716467385
0013;5190;5047414071;1;XZ153;4633507772272261
0013;7606;5032936062;6;T3187;57300910333287962
0013;6746;5035965182;1;XZ127;5583115196411W16
0013;1613;5088885474;6;T379;5675449947555793
0013;5996;5076428139;3;XZ1108;48815610887824127
0013;5767;5063528775;1;XZ1266;48626810211153229
0013;2734;5024499429;2;XZ173;479682377B927183
0013;5391;5045675811;6;T3201;5346768927799493
0013;7539;5050125993;5;T361;4323481A42168416
0013;5745;5090356446;5;T3191;5643377571396387
0013;8375;5082703044;1;XZ1246;5784327984883564
0013;6376;5040950689;6;T3126;5539989386481179
0013;1271;5095077515;3;XZ1238;5343001A95451185
0013;3818;5031803805;1;XZ1186;4781506383119315
0013;2056;5064232198;4;T3108;456813359B383993
0013;5867;5063865374;1;XZ1107;5014299327155256
0013;3928;5033160653;5;T3112;5524971A98933981
0013;3052;5045934358;1;XZ1236;49423347967X9321
0013;7008;5053857839;3;XZ189;5865356217911674
0013;2362;5013793148;3;XZ1180;5300346793617216
0013;3891;5098736034;1;XZ1283;5201676241925296
0013;8174;5082955188;5;T357;5243619298269884
0013;5874;5084222605;5;T3214;5675236234444285
0013;5992;5025966132;6;T391;4437778971271962
0013;3207;5086298501;5;T3194;5906226958679577
0013;7277;5085554078;2;XZ1121;4356665963359W95
0013;5002;5085971830;6;T377;4915837379143941
0013;4258;5012715080;2;XZ1244;5259215747726W23
0013;4971;5043793568;5;T3215;5033628592186835
0013;6792;5079054111;6;T3282;53196610919379499
0013;5272;5073868155;4;T349;5012516356948296
0013;8407;5033133611;6;T34;54566629Z5664282
0013;6746;5083595484;3;XZ1188;46705548668X6896
0013;7447;5058906489;2;XZ1197;4700381A31731341
0013;3191;5096320489;6;T3262;5008146226584363
0013;4953;5076843946;3;XZ1296;59833243157X7727
0013;8621;5097512173;2;XZ1294;559502394B217943
0013;2696;5026877369;2;XZ1157;4191197928386565
0013;3028;5083338617;2;XZ1110;54504610618569871
0013;4416;5013038144;1;XZ1135;49983649475X4861
0013;8579;5034885201;5;T3178;58646245254X7471
0013;3975;5024016722;6;T357;5534955254257W27
0013;5168;5040100893;3;XZ132;59451729Z4346465
0013;2147;5023273945;2;XZ139;5489668963639782
0013;2796;5075549203;6;T3181;53142810261679299
0013;6441;5048722149;2;XZ1286;51663944142X3952
0013;8532;5097760887;6;T3140;5307891A18465497
0013;8011;5075710657;2;XZ184;4369958788828812
0013;7179;5092821424;3;XZ1282;4710319831945854
0013;7195;5085985548;2;XZ1295;5137008473138555
0013;3448;5047999505;5;T3242;5227688435513365
0013;4121;5056067655;4;T369;5463797899725976
0013;7587;5066076144;4;T3257;4253925843694W98
0013;2691;5018632873;2;XZ1117;5808595749781W21
0013;3092;5015070857;4;T3113;56472521Z8932193
0013;6122;5038878895;6;T324;5912456159814985
0013;4876;5079019651;1;XZ1226;4921318392785498
0013;3084;5014729442;1;XZ167;4363948447175587
0013;4458;5087290507;4;T32;5497751A19867394
0013;7815;5028001196;4;T365;51254444454X7979
0013;2875;5021247488;4;T3300;5545317829613181
0013;4340;5049399870;2;XZ199;5025629275771299
0013;5170;5078245621;5;T3223;4589889181129621
0013;2590;5093732051;1;XZ1188;4868105693285W72
0013;2915;5076627420;5;T3195;4938088517279224
0013;8086;5063667817;6;T3110;4132616522138432
0013;7764;5056701308;4;T3130;48236910784115824
0013;3011;5052343440;1;XZ1104;557797381B171772
0013;1625;5025462350;5;T352;47387524Z1939682
0013;5786;5055981448;6;T357;5783816959419469
0013;3450;5050387627;3;XZ129;50025441547X3538
0013;6618;5013971745;6;T345;4793031A66513894
0013;2650;5077271698;3;XZ186;44078610139166186
0013;4040;5039896395;6;T323;5563281A65928744
0013;3022;5072325234;4;T3161;4609286668373221
0013;4619;5038957121;6;T3131;49717410332631112
0013;7334;5029763572;4;T315;5515205356756W34
0013;5620;5050811077;4;T3277;5145011A99446414
0013;7436;5046175648;3;XZ1159;4186626115947544
0013;2962;5086597777;1;XZ1189;59964329Z7359372
0013;4209;5099416085;5;T3129;5449061A69743882
0013;1270;5080529464;3;XZ118;49095910534264732
0013;1984;5083258819;3;XZ1165;54796247157X9478
0013;4400;5087485193;1;XZ1228;585894331B862435
0013;4275;5076308769;5;T3115;55874823Z8712957
0013;1581;5098828931;4;T3228;52429010851894429
0013;5231;5080643457;5;T3166;4977539851827898
0013;6787;5017961698;4;T328;4151695382234W74
0013;5206;5063281302;1;XZ1182;5870216333332267
0013;7195;5078581942;2;XZ174;5749531A72346883
0013;7436;5078610066;1;XZ1232;4217837878597399
0013;1614;5046413585;5;T3188;5634148726223188
0013;4279;5029707122;3;XZ133;48099610722813223
0013;5007;5094357518;1;XZ132;4361927226938644
0013;5029;5030084389;6;T3286;46831329Z7556491
0013;6922;5055864058;3;XZ1159;5022488191322197
0013;5643;5074718909;2;XZ1107;5060501A92358267
0013;6963;5094431545;3;XZ1115;56049548835X8486
0013;3850;5030335852;1;XZ1283;48123224Z9882966
0013;5480;5064714797;4;T3130;5251657539656318
0013;6837;5042200100;2;XZ1138;5325357828765283
0013;5297;5011941777;3;XZ1124;5908626775141698
0013;4981;5079796191;3;XZ175;51445310214998969
0013;4736;5024606196;5;T364;5935408495451823
0013;3291;5089250810;1;XZ189;49736221Z6257376
0013;4335;5083532588;5;T3295;52765448425X3812
0013;6031;5077926862;1;XZ117;54547241287X4952
0013;7539;5098803698;6;T3147;4692659675621812
0013;4208;5017372872;1;XZ1214;43378742271X8379
0013;6985;5016897949;1;XZ1263;55068427Z5115156
0013;3713;5095640132;6;T362;48654121Z2354514
0013;4709;5070005910;4;T3297;42832529Z3984232
0013;4990;5085374852;1;XZ167;5407258593134648
0013;3582;5094968820;6;T3263;48548147212X9223
0013;2450;5089825896;2;XZ1210;5903118115882627
0013;7801;5079368112;1;XZ189;4610075725952W77
0013;1363;5038735083;6;T3194;55063845134X9367
0013;5584;5099452964;3;XZ1175;57229610951269338
0013;5300;5096651085;6;T3158;452739382B877587
0013;5047;5083365130;3;XZ1297;5527145741552W21
0013;6513;5051513183;1;XZ1281;4463405169741W97
0013;6546;5058266528;4;T3192;5645967878994316
0013;7943;5052877555;4;T3166;416661348B169915
0013;6132;5056886884;5;T3187;4322298292368238
0013;2266;5024797459;3;XZ110;5607441A18942482
0013;4462;5058787131;4;T3115;517833379B734673
0013;5626;5088783839;5;T3125;54072946128X9936
0013;7013;5017450389;3;XZ198;5235755383758W79
0013;2315;5070233097;6;T3176;55742710152817537
0013;3798;5012040672;4;T343;4758308742586644
0013;6059;5019022225;4;T3165;5930937791282555
0013;6269;5085340870;3;XZ1254;4136731A91383294
0013;4424;5066461337;1;XZ1209;5201209456878932
0013;7058;5015120519;2;XZ1140;5877956335787766
0013;4745;5028826272;3;XZ1233;5209305375294W68
0013;6199;5045821518;5;T3104;54685322Z2168674
0013;3877;5018471079;3;XZ1107;57685510467729135
0013;3334;5090339121;2;XZ172;59098948522X1967
0013;2424;5015543776;2;XZ171;4517987856127229
0013;7231;5089185273;4;T310;5033396457372871
0013;5006;5078104911;2;XZ1259;5543886659947134
0013;1390;5011128542;1;XZ1135;5725576155319695
0013;6076;5036298115;4;T3103;579270362B239713
0013;4424;5027587355;2;XZ1256;4230529942562367
0013;3648;5035635964;6;T3284;4212511A49757567
0013;2250;5053921652;2;XZ128;51682110821441991
0013;8172;5039455709;2;XZ190;5850885417249W45
0013;1844;5098616118;2;XZ1295;476958334B261285
0013;1021;5054247833;5;T3106;493037383B115182
0013;6781;5020431030;2;XZ1166;5158098322876536
0013;7929;5094123708;4;T337;5674496367731657
0013;6901;5013351683;1;XZ166;50859846775X3112
0013;3430;5023608777;6;T3160;4374725987229W99
0013;4444;5027874413;2;XZ1115;46357110785413134
0013;3732;5088533768;5;T390;59909741535X9687
0013;5001;5023336866;5;T36;5901941A44286956
0013;2456;5087806999;6;T3190;5170057266793921
0013;3651;5029709082;5;T33;5768586212993168
0013;7848;5045074298;4;T3221;47316342485X7171
0013;3550;5047172294;6;T392;5129961A89517798
0013;1809;5093231156;2;XZ1101;43274347933X3884
0013;6477;5046084942;3;XZ171;5874378435673613
0013;5374;5078612456;2;XZ159;4496518175294251
0013;4359;5018768572;2;XZ188;45302749519X2955
0013;4474;5070263189;5;T364;5406496424676249
0013;6440;5024467909;5;T3180;5173519256766751
0013;3037;5078395418;3;XZ1259;5644869948785713
0013;6969;5077240748;2;XZ1113;44857610575633972
0013;4054;5077330092;2;XZ185;5642009375115727
0013;4086;5068111195;2;XZ164;5852501A63289664
0013;1166;5054257456;2;XZ137;4900239547246682
0013;4350;5063937844;3;XZ1165;48958527Z3896237
0013;5304;5092982317;4;T3203;5812318856998726
0013;4676;5032801741;1;XZ165;4268321A84758229
0013;5741;5045607735;2;XZ1260;4459338477952116
0013;5147;5032258590;6;T3251;42903123Z6113149
0013;7462;5024651183;2;XZ1182;4785489275735882
0013;7707;5031451207;3;XZ118;5229088154419144
0013;7550;5061083678;1;XZ140;5740425923562W13
0013;6538;5094525896;4;T3156;4658769423831932
0013;3435;5031541606;6;T369;46069748216X7157
0013;2272;5059441569;4;T34;4465509834377562
0013;1295;5046761335;1;XZ192;5948787561754815
0013;4850;5081444172;6;T3268;5069986279752273
0013;6574;5069387255;5;T3206;4779967882693313
0013;6668;5014987018;4;T3248;54930410115269549
0013;6470;5080091858;6;T365;50984942861X1988
0013;4312;5055213640;2;XZ1250;4254149925623584
0013;5007;5057206215;3;XZ1108;5615026811126762
0013;5770;5051007576;4;T3258;55982110475833969
0013;2689;5014989543;1;XZ1195;5430331A63355512
0013;5073;5087233255;2;XZ194;5771129222398732
0013;6883;5054187784;4;T395;560340381B671126
0013;2553;5085124685;6;T3220;46580224Z3586383
0013;3929;5085432993;4;T346;4637331A72352795
0013;1048;5026253253;4;T3276;5752135243493W67
0013;5638;5085962115;3;XZ1118;5294888311933674
0013;7117;5076805820;3;XZ1202;42455043636X1628
0013;8441;5077161290;6;T3115;44454025Z5963637
0013;7450;5032554887;5;T3137;5239318135925948
0013;5503;5039480989;4;T312;44921025Z9772453
0013;2403;5034029655;1;XZ1275;5289425724635W49
0013;2580;5094411940;3;XZ1130;5586289342179974
0013;1510;5042895578;1;XZ1119;5648346143533496
0013;5048;5016253811;5;T3229;4491601A93182474
0013;3871;5089807138;4;T3113;527838348B465143
0013;4763;5065445030;3;XZ1193;5992549337952992
0013;6723;5053777665;5;T312;5715219841379868
0013;3794;5092487176;3;XZ1212;5034839431691622
0013;2779;5056671361;2;XZ1153;43430710312949839
0013;1368;5044320511;1;XZ127;59965625Z9125363
0013;2612;5070928468;1;XZ1104;41323610655788138
0013;7527;5022620651;4;T3120;528378381B957889
0013;3290;5015033761;1;XZ1253;4891768986726457
0013;8292;5080251434;3;XZ151;5107521A35478456
0013;3072;5076466372;5;T325;4865441A78652921
0013;1248;5041733762;6;T345;4826419942919437
0013;5551;5049016160;2;XZ1135;58715210273841736
0013;3359;5032535419;2;XZ1157;5227925649534W84
0013;4325;5035287475;3;XZ1239;568670391B948649
0013;8755;5022264146;6;T3109;4363185641617W62
0013;8718;5042189943;3;XZ1145;57895324Z2561242
0013;1793;5053733473;6;T3163;5455956176175716
0013;4812;5026793922;2;XZ1143;5006821A64578587
0013;8441;5035000403;4;T3114;4950615427394W34
0013;6408;5088351667;4;T318;4271048176446365
0013;7949;5098554816;5;T3216;5276198583843217
0013;1208;5090602798;6;T381;41806910122232583
0013;5989;5033727540;4;T3143;5884615536248W16
0013;4726;5094612709;6;T3251;5899791A49581856
0013;5759;5091536306;1;XZ165;4158376618188672
0013;1565;5024000262;3;XZ1169;50937010679665329
0013;2739;5065760388;1;XZ1162;5659816326177145
0013;3143;5048305951;5;T3275;42632445432X4325
0013;8437;5030785530;1;XZ1168;51221643483X3897
0013;3894;5051235906;2;XZ137;5792136525473386
0013;5131;5016581997;4;T3241;4974457737827929
0013;3515;5072761219;2;XZ1284;5889009693663717
0013;2698;5068533241;1;XZ1205;5630436539638212
0013;7641;5042781192;5;T3122;5307591A59391851
0013;4629;5043094903;5;T3283;5139626126524428
0013;1716;5043318117;1;XZ153;5447468586757519
0013;4040;5034447442;5;T367;59367724Z3531159
0013;4155;5020202181;4;T3110;4723659396415232
0013;7138;5064151758;3;XZ1151;41753125Z3381295
0013;6556;5028561868;4;T3256;54962110166319135
0013;2785;5023646727;2;XZ193;4654219774555748
0013;8173;5040058578;6;T3230;47044810661634816
0013;6610;5033253744;4;T3142;50444022Z4153414
0013;5685;5011308175;1;XZ1220;4994297866258695
0013;7464;5053379877;5;T3220;58750821Z5297374
0013;5139;5099066745;2;XZ1166;4134859872787127
0013;8723;5038447797;6;T3197;4792326227586928
0013;5658;5017519570;3;XZ1112;4162795457297W33
0013;1610;5049747665;5;T3142;4261968575542152
0013;3833;5072468547;5;T343;4944088983412626
0013;4402;5056585450;1;XZ1290;5244647276654336
0013;7628;5022903421;1;XZ130;4413028527848473
0013;4817;5075389479;3;XZ1262;53546529Z6465995
0013;5235;5067169567;6;T396;427432314B159749
0013;4771;5063098950;3;XZ1235;5010561A42649135
0013;6976;5024195313;2;XZ1298;4673349784829956
0013;5670;5057166630;1;XZ1295;46205527Z7368756
0013;4816;5079835307;6;T33;4634079257552981
0013;6012;5043502600;1;XZ1167;4125649133838887
0013;7448;5021234702;4;T344;5858741A58567595
0013;4349;5053836547;4;T39;5213437244452951
0013;2393;5037467990;6;T389;4545905163138W19
0013;2551;5082235687;6;T3174;46507342261X7753
0013;2830;5013414039;1;XZ1279;4767159646332849
0013;5462;5023187324;2;XZ1242;553630341B771185
0013;5220;5015033570;6;T3213;4308021A34584963
0013;7176;5012435705;4;T3228;4267629787698829
0013;1256;5026664580;1;XZ1149;539860375B744835
0013;4172;5019712368;6;T3177;5739028232797152
0013;6107;5065531593;5;T3216;5162158351586572
0013;7406;5061624980;1;XZ1178;5996219258895652
0013;4166;5083167426;1;XZ1128;43915810439623277
0013;2385;5032361589;2;XZ11;41406410799789888
0013;6791;5049530618;1;XZ1280;48551749872X4616
0013;6296;5067211513;2;XZ1227;5571898629563829
0013;2765;5039070674;1;XZ1153;521831374B513467
0013;3413;5058794716;6;T338;578861379B267787
0013;8531;5067631238;2;XZ1273;4703349578462643
0013;7727;5071956702;4;T3286;5148398598249379
0013;5838;5042396703;5;T3236;442149363B739548
0013;6836;5080470183;3;XZ1219;51970824Z8476322
0013;8532;5087138643;1;XZ1141;4491841A39644567
0013;8860;5028650316;4;T326;416182373B858752
0013;1766;5080138446;4;T3206;4618356332221784
0013;2612;5089740610;6;T381;47178246159X1158
0013;6578;5052079122;4;T3147;5184365175999W66
0013;6867;5067771202;5;T3221;4412758123326926
0013;2845;5082543174;3;XZ1105;5765086777974691
0013;2663;5081996269;2;XZ1291;59372910151938919
0013;3640;5075774996;2;XZ1172;4406125826629W37
0013;6052;5099659162;2;XZ1184;4549031A17357849
0013;6968;5034573942;1;XZ1278;5522025123989W43
0013;1173;5087010020;1;XZ1225;58690847965X6998
0013;4675;5023726079;6;T311;4997341A42765197
0013;6019;5070483381;6;T3220;4170378928533269
0013;3223;5065211819;6;T3205;47539346277X9618
0013;3285;5082393348;3;XZ1121;4490201A43433963
0013;6299;5059115502;6;T3256;4864839129578319
0013;7313;5012334903;3;XZ1273;58729023Z7671589
0013;3678;5021460836;6;T3135;4297018433748316
0013;1969;5089968415;5;T3129;5565746835329343
0013;3191;5013920587;3;XZ1275;46223549271X6362
0013;4496;5022631914;6;T3102;5928275249844W95
0013;4368;5023058016;4;T318;5453395811535W79
0013;3624;5040435149;6;T3131;4695528321296449
0013;3919;5033709928;5;T399;5000378293515735
0013;7492;5032493766;3;XZ1279;5850715279666W95
0013;8860;5075269419;1;XZ1139;4486417951955222
0013;3098;5036074600;2;XZ1217;4356495667723W92
0013;5865;5043086860;3;XZ1268;5867836519138541
0013;2809;5011261972;6;T3159;4500538729871268
0013;3311;5058532215;4;T3131;4352065459583W77
0013;1268;5024345761;1;XZ179;437287332B893437
0013;2543;5087485747;1;XZ1102;4959268334274164
0013;7598;5063774345;5;T3280;4343967429786927
0013;6185;5049496628;4;T3224;52379328Z5299562
0013;3658;5014542069;6;T3123;5470071A28398768
0013;2478;5025399458;4;T3208;4770557648721285
0013;4582;5048698833;4;T3219;425082364B532924
0013;4249;5068941222;2;XZ1181;5712526454885243
0013;3856;5063260655;6;T3106;4695278792132256
0013;5165;5014977531;5;T3135;4447135349563W39
0013;3821;5081209911;1;XZ1147;4561229714959136
0013;4421;5069350377;5;T3141;5182055178295W41
0013;3120;5060366184;2;XZ158;475535367B726878
0013;1035;5018772932;1;XZ115;5862548186143682
0013;5835;5061429826;1;XZ158;5807247641273383
0013;3351;5075912781;2;XZ1266;502976353B173372
0013;5197;5017642503;4;T3287;4291078491516758
0013;1556;5072384903;6;T381;5105509576966732
0013;8127;5089506187;2;XZ1187;4169019369671225
0013;3508;5013992440;1;XZ182;581697353B668366
0013;2998;5044774066;1;XZ1161;55215348536X7378
0013;1570;5060026798;5;T3230;56278248323X5773
0013;8058;5038476038;5;T328;4472766491485818
0013;7072;5078099392;4;T3176;4296666767723568
0013;3861;5034281539;2;XZ147;49022310158762641
0013;3082;5034468020;6;T381;47890410123326432
0013;5429;5095892003;4;T3180;457379374B184569
0013;2941;5093093500;1;XZ1260;4571665259978W24
0013;7352;5043716995;1;XZ118;448385334B395429
0013;7297;5033702612;5;T3221;4490476849115672
0013;4991;5077114237;5;T38;49252944192X8514
0013;6698;5096990349;4;T3111;4272306632574736
0013;4615;5043171026;2;XZ124;4519168517932863
0013;2230;5055004554;5;T366;5765918323552794
0013;2636;5051358979;2;XZ139;4406376367255224
0013;4397;5025620425;1;XZ139;4463725162966W59
0013;5065;5051517803;2;XZ155;56526310113355128
0013;7586;5012893017;1;XZ141;5446745144457W47
0013;3438;5088302224;3;XZ1217;5582806877741299
0013;4941;5091425576;2;XZ1209;4150259917962445
0013;4361;5022417186;5;T3220;443407319B941385
0013;7407;5097653174;4;T3241;5712705712374W85
0013;4070;5065171673;5;T3102;5931011A79891874
0013;7151;5020750278;1;XZ1283;5364969548764472
0013;1190;5020629046;1;XZ1205;5261379597766199
0013;5821;5078365487;1;XZ145;49485325Z6621563
0013;6785;5082993190;1;XZ1267;537974393B326834
0013;8386;5096259176;6;T3106;4321875214551W14
0013;4602;5067057656;5;T371;59696428Z5427561
0013;3492;5047990159;1;XZ1266;5240746464295667
0013;7016;5037561115;4;T3162;4197075115913W73
0013;3986;5099065340;6;T3157;5139005466272W16
0013;4687;5016217258;1;XZ155;438172358B382353
0013;3030;5042240074;3;XZ125;52968048473X2956
0013;5177;5056953878;4;T3127;55334147399X2228
0013;3445;5048713411;4;T369;4689901A88749736
0013;7568;5039392042;3;XZ1281;5343777767472428
0013;3449;5071840425;2;XZ166;5040528472619245
0013;6780;5053393974;1;XZ1275;42464444789X6958
0013;4508;5084290781;3;XZ1212;5135561A73717156
0013;3502;5068384951;2;XZ1236;552177324B967722
0013;6677;5055329283;3;XZ184;45911049874X3571
0013;4145;5043247120;6;T3289;5152507976417285
0013;4694;5058449297;4;T377;58152410765285254
0013;8825;5069509597;3;XZ1222;4323058867788579
0013;4306;5056621192;2;XZ132;477057329B593432
0013;4516;5041246718;3;XZ122;5228418199842447
0013;3360;5092237430;3;XZ1287;5148697351228323
0013;7532;5042780055;3;XZ1220;42473328Z2596584
0013;1410;5057714300;1;XZ1189;4979465393322W38
0013;3800;5012041617;1;XZ157;5367106156488673
0013;6233;5098710294;6;T3201;577662348B457859
0013;3012;5081003522;6;T369;56008324Z7715786
0013;8572;5097187715;3;XZ1150;52637410487789531
0013;8120;5036699042;3;XZ151;5226786585458692
0013;6250;5072092381;6;T3172;5139818173463475
0013;4117;5055905504;5;T3216;4695939615126685
0013;5694;5094682265;5;T376;4555011A12842364
0013;4494;5017966880;2;XZ19;5117159553437872
0013;1603;5045950750;3;XZ1189;59930722Z2961889
0013;8762;5069791635;3;XZ1135;4380446469773147
0013;3760;5034469214;4;T3282;595980389B413467
0013;6150;5024226396;5;T3233;4905116123882632
0013;8673;5091375335;5;T390;51597710347891221
0013;8321;5045762628;5;T3274;4769401A18689892
0013;4314;5023384295;1;XZ1151;5447597549696756
0013;7792;5013589553;6;T3250;47470810549198148
0013;2882;5048826200;2;XZ1219;5448956618478797
0013;7000;5039429623;6;T36;4816655518765W99
0013;6347;5025532890;2;XZ1293;5152409187171271
0013;4582;5037312897;4;T3119;48281810496296439
0013;2131;5028390078;1;XZ181;54882949727X1891
0013;6803;5061823686;6;T3137;53305310624269584
0013;6671;5012016519;2;XZ1134;47597427Z3545648
0013;2817;5033993416;5;T3142;5748098752965966
0013;6839;5065953104;1;XZ1185;5307806257318935
0013;7945;5024236575;1;XZ161;48513110239547157
0013;2430;5031784981;5;T3130;5214077686219729
0013;7394;5031637069;6;T3200;4675988476527123
0013;2961;5098446615;6;T3257;57159723Z3956843
0013;4973;5040761147;5;T334;47423826Z4398191
0013;1290;5038376335;1;XZ1163;4550005534753W12
0013;5035;5083501981;5;T335;57026929Z5376783
0013;4361;5099488212;4;T396;5797401A85395861
0013;2550;5027804212;2;XZ1167;53581026Z7865134
0013;8770;5031257496;2;XZ1275;56373748623X3831
0013;1870;5062241486;6;T338;498800331B975935
0013;1721;5065914375;4;T383;4823149468175798
0013;3767;5076891695;3;XZ141;43261143476X8927
0013;5911;5072923701;6;T377;4417166499133531
0013;5608;5052280890;3;XZ1119;587919374B946271
0013;4058;5039567897;5;T3127;4673146679774663
0013;4267;5016543321;1;XZ170;5919597843296581
0013;7635;5054447184;5;T3176;4701949647821915
0013;1628;5045259297;1;XZ1118;5443238184543957
0013;8136;5091948484;2;XZ1293;4501001A27555269
0013;4719;5077695671;5;T339;57382710522939114
0013;3512;5088197675;1;XZ1214;42705541965X1418
0013;6856;5071539952;3;XZ125;5320948115154757
0013;6023;5090088240;1;XZ1206;478812338B456488
0013;7652;5041317497;6;T3165;54559849755X9721
0013;3822;5026362699;6;T3137;46379910774825125
0013;1875;5064063850;6;T3290;49680428Z7448748
0013;5700;5028810547;2;XZ1171;44578648122X3778
0013;2413;5075900933;5;T3299;57058310431322369
0013;6266;5037500886;4;T3144;5172176761275363
0013;6430;5078576449;2;XZ1235;5845228364671133
0013;4274;5028373301;6;T3271;50284828Z9865129
0013;8623;5060667670;2;XZ1257;50152410281772644
0013;4216;5016277140;6;T3273;436372345B793464
0013;4499;5021058118;4;T3297;4592576981221834
0013;2813;5025774601;3;XZ1110;5012898298263357
0013;6228;5026600559;5;T3172;4393539915664385
0013;7768;5055404934;3;XZ1191;4770375993741W76
0013;6130;5088774819;1;XZ1250;41716110659565725
0013;7195;5050177328;3;XZ1222;5704659854415667
0013;6153;5030854060;2;XZ170;4576825335616W22
0013;2848;5077328595;1;XZ1125;4942197254558247
0013;2853;5075949213;3;XZ1249;458046312B235522
0013;1382;5070975490;6;T3113;4412485352857W25
0013;3752;5078321924;1;XZ1103;4365727124978715
0013;2678;5079879742;3;XZ1148;59362810268376294
0013;1396;5074269379;1;XZ1120;59447345198X6641
0013;1505;5068936567;5;T3104;498123346B615331
0013;8146;5085077636;2;XZ1299;42961629Z8675179
0013;1343;5021356312;4;T3196;56169148834X2967
0013;3342;5077461261;1;XZ1280;5948867529648985
0013;4699;5031010694;2;XZ1144;50973043679X1169
0013;3549;5059067148;4;T3267;431503397B161821
0013;4172;5076999191;4;T3294;555802336B225217
0013;4027;5054065087;6;T3224;5560087971472177
0013;3104;5019180352;3;XZ1138;56526327Z4291159
0013;4943;5029259983;4;T3111;4939336415431374
0013;3326;5068236362;1;XZ1198;5867886119186772
0013;1002;5039036277;5;T314;5593256228968637
0013;3397;5085624010;1;XZ1300;4323439362313974
0013;2103;5020347011;1;XZ1248;5084446348119952
0013;2880;5013822459;2;XZ188;4170369341971961
0013;1177;5015056000;3;XZ1222;48427010445928718
0013;5140;5093438462;6;T322;5862546734411863
0013;3983;5098456196;3;XZ1237;4251797977684345
0013;6178;5016668318;2;XZ1196;5842038526319753
0013;4609;5061174348;2;XZ180;5665187453451891
0013;2531;5097842695;1;XZ1194;48972147977X4976
0013;4880;5080379036;3;XZ1262;56257944921X8948
0013;5253;5026274305;2;XZ1193;4682175994714W81
0013;2025;5037366962;6;T3189;503463329B636167
0013;5000;5059122044;5;T3219;5716747813588734
0013;8734;5017584127;3;XZ1283;50644110572779823
0013;7884;5023131076;5;T3143;56387822Z8587286
0013;6577;5012150599;5;T381;4984257764879627
0013;2660;5054268197;3;XZ1111;5797088147751951
0013;3223;5016269886;1;XZ1113;5224067527961776
0013;1827;5037896789;1;XZ157;4434979194837386
0013;6830;5019406557;5;T369;5830405885378W58
0013;3871;5061333593;6;T3148;53622010287918516
0013;5126;5038706364;5;T3220;59865744118X2525
0013;2699;5065129273;5;T3106;46540445146X3211
0013;2566;5069203467;4;T399;5237125491979W25
0013;2641;5076125622;4;T3272;4537658549824939
0013;3039;5080187974;1;XZ1100;58929022Z3838638
0013;2643;5038749378;4;T3214;58398945166X9353
0013;5919;5039326390;2;XZ1270;5227828616493475
0013;5338;5029816493;5;T345;4399638136168121
0013;2950;5088562433;4;T3261;5036038726741812
0013;7587;5064753071;6;T3170;512793391B351829
0013;5424;5085875447;6;T3103;46160548733X4589
0013;7586;5024754062;5;T3160;5197186587778772
0013;6412;5082033365;5;T3128;45119810939536533
0013;1132;5074466131;4;T371;480245378B644462
0013;3172;5057161966;3;XZ1190;4671836246644225
0013;7740;5042207846;4;T3136;450338359B515337
0013;7701;5036919084;5;T3186;51925528Z2735837
0013;2289;5075769742;4;T381;4565146525855688
0013;8694;5078023239;2;XZ1246;43075110538518235
0013;4816;5082756811;5;T3131;4397689647433434
0013;3364;5054392313;2;XZ149;4804429964544918
0013;2680;5080785666;4;T340;4312085512169W98
0013;6074;5092363638;4;T3248;5486277257669228
0013;3603;5061353382;4;T398;5769099595298222
0013;7069;5095132574;5;T381;54920110199378184
0013;6770;5012792798;2;XZ1226;5417257369772788
0013;6907;5011531697;6;T3173;418332383B561473
0013;3020;5089142239;2;XZ1215;520451353B481389
0013;7081;5039578934;6;T3242;55930327Z1631232
0013;7242;5079271844;5;T3140;476434362B659317
0013;3504;5035457695;5;T3127;4664438559625824
0013;4252;5036750233;2;XZ1110;5423965536864W79
0013;6406;5035549239;6;T33;5623808633438344
0013;5793;5086621382;4;T3237;5576345562413W67
0013;4771;5068806534;5;T338;5687577385452372
0013;4409;5040395808;6;T3190;54216029Z5634634
0013;7517;5040321033;5;T3267;41330941935X3626
0013;1991;5061800151;1;XZ180;5326188121134993
0013;5233;5077666871;6;T3254;5432848511227182
0013;1526;5060306860;5;T397;5699856595669794
0013;6234;5011991883;5;T3254;5644391A81291941
0013;1333;5085397591;5;T3276;4161757683352825
0013;6961;5048091822;1;XZ1260;44431247154X2348
0013;5728;5011641767;6;T3118;59981410686989368
0013;8834;5031327392;6;T384;4874959392168145
0013;8431;5033668561;1;XZ1139;49132447842X8894
0013;4038;5040488092;2;XZ16;5028227842619873
0013;2403;5085425535;1;XZ1152;5473337625453788
0013;4311;5029165365;1;XZ141;4647927369177655
0013;3556;5085410862;3;XZ1229;5390039892281666
0013;2488;5088128804;5;T3236;533006315B416638
0013;4833;5050032051;1;XZ1169;469146325B257959
0013;2952;5050823305;3;XZ1164;4702231A15425274
0013;8884;5048709532;2;XZ1186;44283427Z1975642
0013;5481;5086282999;3;XZ144;576440397B487641
0013;3311;5053422294;4;T3291;5902618331166291
0013;8222;5025074251;2;XZ1169;58599428Z1747395
0013;5334;5019142158;4;T3125;58682125Z2483828
0013;6507;5081962983;6;T3197;5759439312313686
0013;2501;5023717362;6;T394;43442241528X5183
0013;7478;5032707001;5;T3104;5630637574997735
0013;5448;5025551096;2;XZ176;4384261A88197614
0013;6432;5039193876;6;T357;5328198281519782
0013;6489;5078782507;2;XZ1123;5817449611615823
0013;3281;5068175166;5;T3259;43185843766X5114
0013;4499;5094192820;4;T361;49553810324447528
0013;5772;5029017042;3;XZ1141;5935975639289W45
0013;7278;5083526159;3;XZ1248;47472726Z4772661
0013;5531;5045772138;4;T3202;44401325Z5332327
0013;1436;5036873356;4;T3299;54515928Z6935738
0013;2311;5088592281;3;XZ1202;4726435192359W98
0013;7484;5085813698;4;T3210;4151809785185662
0013;5194;5047113911;5;T3257;4648205284215W73
0013;7373;5014894671;3;XZ1113;52208645289X1564
0013;5940;5014462822;4;T3227;4592816964195625
0013;3166;5021472349;3;XZ1100;4611245669664W47
0013;3639;5034452942;1;XZ156;5731497864153288
0013;6016;5048843487;4;T36;5466211A21863891
0013;4078;5066131709;4;T356;5613498868966119
0013;1663;5065973714;6;T324;4196186656793473
0013;1509;5028994106;4;T3203;4653535412136W19
0013;4779;5064800293;2;XZ175;4663949531361144
0013;5423;5062899828;4;T3193;5983206181683693
0013;6844;5087592119;1;XZ1112;5789907114385671
0013;4870;5070078428;5;T3155;5298826667756223
0013;1984;5080531772;4;T3269;4466585933661W87
0013;5383;5025651715;2;XZ1208;55210510277747547
0013;6431;5012459668;6;T3282;5948337387783167
0013;5160;5041476971;6;T3161;4429731A14554236
0013;1314;5043687598;4;T322;5118276215266264
0013;7167;5015416344;6;T3175;55122528Z1354355
0013;5846;5053150228;3;XZ1268;4378665913448W59
0013;4610;5061172177;1;XZ1177;4890928377336722
0013;6776;5020760020;5;T3126;444348323B856345
0013;7010;5097197747;6;T3292;51254124Z1548725
0013;6181;5036538443;2;XZ1140;431852393B187554
0013;7522;5063294153;3;XZ1267;58711410815837942
0013;4618;5077292399;2;XZ1110;49493127Z4653952
0013;5091;5036786849;1;XZ125;4943586642941641
0013;3667;5094194760;4;T319;42407645193X1683
0013;6164;5063929525;3;XZ1287;59027410522632525
0013;4352;5027841146;1;XZ1300;4889129359889691
0013;3907;5027443900;5;T3228;41647310255942923
0013;3551;5024985174;1;XZ1180;5626628873666162
0013;4845;5082162569;2;XZ1116;5171031A23987593
0013;5639;5012335761;1;XZ182;4490925199467W28
0013;5708;5091291526;1;XZ1235;4778981A82179915
0013;8768;5090694312;2;XZ1102;4528258261687879
0013;2892;5094337572;4;T350;59759528Z5351135
0013;1592;5046703609;4;T3151;4700147752733683
0013;2780;5074078285;4;T322;5134255657823W15
0013;1412;5070898046;1;XZ1294;42209824Z5871434
0013;2464;5047732412;5;T3267;5236348815167249
0013;6085;5076539917;4;T360;44819445631X9517
0013;5080;5039905567;6;T3184;487324343B391545
0013;8439;5044639554;6;T3125;53860710465598911
0013;2768;5045908584;1;XZ1120;463110319B478127
0013;4941;5035656380;4;T395;4664587768335836
0013;7852;5033797150;4;T320;44470143298X5915
0013;6474;5078992218;5;T369;4516418885529599
0013;8740;5086010538;5;T387;42791347652X5747
0013;3030;5057485077;4;T393;5329219889329113
0013;1764;5031144984;5;T3274;4276196437512369
0013;1028;5074694762;2;XZ1140;58214110775681949
0013;2786;5076696626;3;XZ1284;4927057891922789
0013;7624;5021241964;5;T321;4285448125124378
0013;6475;5035913461;6;T334;4583287417962686
0013;2564;5083853638;6;T3161;45817922Z2735539
0013;4904;5050745359;3;XZ1147;5809178759153497
0013;1066;5036883279;3;XZ1183;4994097881856377
0013;3758;5028658562;2;XZ154;42630610657365557
0013;3844;5087503168;4;T3269;4590736797965821
0013;5214;5023301520;6;T3186;4946046556491876
0013;2158;5059362855;1;XZ1127;43569210281249673
0013;3467;5065103873;2;XZ1110;54415544544X8289
0013;3191;5052279403;4;T364;5468231A56252291
0013;4549;5059196017;6;T362;576398367B181337
0013;2782;5052050775;6;T3260;57604442669X5457
0013;3831;5078280312;6;T3161;5044179427268579
0013;4075;5035199781;5;T3226;5862209493513978
0013;1634;5075683127;2;XZ128;4587568747261975
0013;8437;5076138318;6;T329;52514744835X1532
0013;3210;5036444614;4;T3229;52231049228X7316
0013;7088;5072541463;5;T34;50765126Z5815147
0013;4834;5016702628;2;XZ1137;5252506647625659
0013;6392;5098551414;4;T3258;478233356B272372
0013;2565;5074021091;6;T3189;4550119796656943
0013;2644;5053970163;2;XZ1169;41247544538X9552
0013;5035;5079341970;1;XZ1171;447096367B759415
0013;6290;5039622173;1;XZ1224;494422327B848838
0013;3835;5080765386;1;XZ1121;4331157756736764
0013;7474;5080425514;5;T3212;453651344B834362
0013;5077;5077527972;5;T3150;4642671A33358121
0013;7729;5049920797;6;T312;5142465931689W48
0013;3908;5033147570;6;T3146;48592527Z5316826
0013;3357;5024013035;4;T3249;51389648574X2491
0013;6893;5032804624;4;T388;53039341553X4213
0013;5368;5015306193;4;T3198;5079849184324143
0013;2418;5048020730;2;XZ1183;5364739471784985
0013;2315;5094806852;3;XZ1189;4788485531591W35
0013;7503;5061585673;1;XZ1249;45090510846723866
0013;2946;5052355082;3;XZ172;5483398148634153
0013;3574;5064545202;1;XZ1206;5433171A53288954
0013;1393;5043858872;4;T3174;4376769783757586
0013;5373;5015158269;6;T3105;56030142198X3611
0013;4469;5060797115;4;T3271;49024029Z9984885
0013;1358;5028534561;2;XZ136;5787887163216157
0013;3709;5043195030;1;XZ1192;4678925918177W32
0013;5073;5044289920;4;T3123;42875046391X8299
0013;3788;5087860303;4;T34;5740987292258735
0013;7586;5057775365;6;T342;58372246326X9994
0013;6600;5071414188;1;XZ1130;44549410953165654
0013;2661;5086709878;2;XZ162;51288410929544468
0013;4295;5099502312;2;XZ1236;43773624Z9616272
0013;4996;5026317452;3;XZ1255;5340435967736W56
0013;2114;5073243664;3;XZ1199;5875746788183973
0013;3712;5031715231;1;XZ168;5861787227139487
0013;2520;5032193967;4;T3261;4569365213289W93
0013;2869;5076513054;5;T358;543614348B926473
0013;8755;5091099545;1;XZ118;4241985125547W56
0013;2336;5074758237;6;T313;563835395B649681
0013;3343;5090404493;3;XZ1104;4560426652941475
0013;6214;5090622763;4;T362;5233885882224W32
0013;6578;5047287870;6;T3116;46389410172613797
0013;3965;5069123027;2;XZ1133;41698846888X2383
0013;3338;5028623101;4;T3177;4113265464745W49
0013;5059;5075989263;5;T351;5106416793685139
0013;1961;5076690394;1;XZ1274;5672998525527254
0013;2187;5030817054;1;XZ1163;4663746293432953
0013;4348;5078170876;1;XZ1255;4182691A57263242
0013;5586;5064629110;6;T3139;43515121Z1276437
0013;5821;5088717032;6;T3187;53731824Z6583673
0013;2608;5071957604;3;XZ135;4965448457177738
0013;6637;5064305920;6;T319;5089977754197214
0013;6151;5048255236;3;XZ195;4921261A68366549
0013;4552;5097360384;6;T328;5073418151479342
0013;4662;5097970029;4;T3291;4987276735555653
0013;7763;5012746275;2;XZ1145;470275387B372569
0013;5670;5042604518;5;T34;5269889841661771
0013;6826;5067821706;4;T3268;5066807414533493
0013;3961;5015179613;5;T3199;4676936887528959
0013;4015;5090325331;6;T3273;4248039739835896
0013;2945;5034825939;3;XZ1118;5690738449686538
0013;3947;5048804547;3;XZ1246;58903510778511315
0013;7518;5094412850;5;T355;54488641669X5728
0013;5823;5093653665;3;XZ1138;5726455239153W82
0013;1197;5039383541;2;XZ1259;5927885499958W89
0013;2017;5024621720;3;XZ1160;444955349B586951
0013;7523;5063892986;6;T31;5527749464947195
0013;6916;5020484664;5;T341;5360468949234417
0013;3881;5065432105;2;XZ117;500492322B388576
0013;2607;5039811856;2;XZ134;50751326Z2386591
0013;2581;5068136451;1;XZ1131;4505091A37522117
0013;6222;5035444632;1;XZ186;4147529411965231
0013;2336;5070960537;1;XZ12;5671365849913W54
0013;5233;5043025013;3;XZ1145;593513393B428652
0013;4533;5070543019;2;XZ131;44405310935435798
0013;6543;5033902214;2;XZ1218;59046827Z9297964
0013;7369;5087407523;6;T3281;5511345577241W49
0013;3706;5036982562;5;T3230;4971309532773492
0013;7610;5081122411;3;XZ18;5973267271381417
0013;7064;5030775045;6;T3102;5785539677353871
0013;8398;5038366332;6;T3196;5789617536264878
0013;8014;5084890239;2;XZ163;58041047989X8738
0013;4816;5013966607;3;XZ1132;510378337B835498
0013;4303;5069183240;6;T3240;467653319B716153
0013;7494;5096262654;3;XZ15;41701910897814386
0013;3154;5066720198;5;T3138;47764147631X1942
0013;7096;5030177320;6;T3255;56095626Z9597147
0013;8089;5076860683;3;XZ168;5520021A44825569
0013;5163;5040649574;3;XZ1175;551812393B229783
0013;1324;5055146397;1;XZ1296;4647208173893553
0013;6990;5099884436;1;XZ117;5106578623327728
0013;1680;5067154348;2;XZ189;5933055687129W34
0013;2548;5083501194;1;XZ124;43448410664776385
0013;6826;5034945053;5;T3229;42206941218X3912
0013;7198;5096387007;2;XZ134;545752386B683625
0013;2395;5027080982;1;XZ134;4140349152735975
0013;1393;5069839160;5;T350;5463118193954562
0013;7978;5085744081;1;XZ1168;5996196359537416
0013;7002;5033310277;2;XZ156;5361067861763369
0013;5556;5041305400;2;XZ1159;478117372B453784
0013;7099;5086544151;5;T3117;5280921A13292348
0013;2772;5091725944;5;T3259;5158789189875594
0013;7092;5014880967;2;XZ149;5199119924769594
0013;2513;5084857225;5;T3165;5722175691475W74
0013;8328;5042083953;1;XZ1164;5931779475742285
0013;3373;5089116294;3;XZ1231;546031394B526981
0013;2760;5089868402;1;XZ1238;4426988433365552
0013;6793;5072925481;3;XZ1229;5330911A28197446
0013;3199;5039666234;6;T348;5556985186293W71
0013;7872;5098981107;4;T3262;5562166264858685
0013;2533;5030611663;5;T350;50978947462X8825
0013;2927;5015974125;5;T3225;4531367126566481
0013;4170;5041981897;2;XZ1249;4719416396548949
0013;5195;5097578043;1;XZ1215;439232396B632962
0013;8018;5089023297;6;T3191;5156848811938744
0013;7408;5083455636;6;T3152;4974197971359989
0013;5691;5097053889;4;T3150;532565381B572611
0013;5667;5083075681;5;T3150;4798508668256348
0013;6749;5039182142;1;XZ1260;5923741A27676626
0013;5883;5021176824;3;XZ1251;42391429Z6798429
0013;3047;5083869540;3;XZ1222;510809391B198322
0013;6463;5025919685;5;T3202;4943146191828959
0013;8280;5056859025;4;T339;55015743242X9332
0013;8559;5050088370;5;T3270;5705758762927178
0013;3324;5057732342;4;T329;5762945888916W86
0013;7449;5064444488;4;T3202;52970822Z7486385
0013;6992;5034741154;4;T3165;43058043731X8921
0013;6602;5011166471;5;T353;4293405263952W71
0013;4435;5073830377;4;T3198;54759710513343213
0013;1009;5098409264;4;T344;5051231A51777834
0013;6605;5031848822;3;XZ124;44856010864353725
0013;1544;5034329986;1;XZ1148;5345077274367269
0013;1989;5081609571;2;XZ197;4298291A94847431
0013;6776;5036756260;1;XZ1147;56010242476X7473
0013;1110;5063708051;5;T3166;487291338B172675
0013;5875;5033586519;4;T3107;5015266781516777
0013;1593;5027697362;3;XZ1252;52533348559X7788
0013;3019;5027193607;1;XZ1197;544858318B254188
0013;5251;5060676713;5;T3215;53901010295958765
0013;4228;5011944765;1;XZ113;5439189978926568
0013;3330;5086659693;3;XZ1196;43133121Z7768268
0013;2316;5045985610;3;XZ115;54887149397X2393
0013;3955;5099843435;5;T312;41371310492742634
0013;5748;5054464604;3;XZ184;5322828618264666
0013;7426;5090779575;2;XZ1230;4988577134242824
0013;4933;5057332893;4;T3219;523073364B134135
0013;7415;5040100631;3;XZ127;44710210971456438
0013;6069;5091717483;4;T352;5848255724946W57
0013;4620;5096354631;4;T3210;4502271A28212262
0013;3544;5026814227;6;T39;5889811A69466172
0013;8520;5026855349;1;XZ1112;4971696654646674
0013;6390;5088411447;6;T3159;411499348B473882
0013;6890;5014097087;2;XZ19;4753339857188365
0013;2796;5056081941;6;T3102;5140647745611389
0013;3799;5063310696;6;T3115;5702385995765W91
0013;6678;5062819570;5;T311;4893417875254954
0013;7102;5042262347;5;T3247;5048471A39627825
0013;1333;5099084788;6;T331;52687824Z9717259
0013;2636;5035999140;3;XZ1227;47295610546115732
0013;8385;5087734856;1;XZ1166;4172058158764248
0013;3964;5065742726;2;XZ1107;5326839588475198
0013;2716;5072103258;1;XZ1252;5753998981423327
0013;4881;5035793413;2;XZ1256;5079466273183761
0013;8312;5085597470;3;XZ1202;45536827Z4561116
0013;7910;5055164995;4;T350;5719407388118584
0013;4035;5041509601;1;XZ121;55457610486528888
0013;1284;5048072357;6;T3131;57026610115928989
0013;5549;5026608200;1;XZ137;5266249519935393
0013;8025;5033946490;5;T3139;4503957516816185
0013;7610;5045136866;6;T3125;484579383B484273
0013;4988;5063746979;5;T3297;4999105921419W27
0013;4141;5018193017;3;XZ119;5404561A96785198
0013;1605;5057915127;6;T364;4442179488299351
0013;6576;5097454791;5;T342;4211918878446676
0013;2635;5045334787;6;T3179;578576345B684261
0013;1108;5055058622;3;XZ194;57674422Z8383894
0013;7271;5026055998;5;T3159;47981746938X3572
0013;1561;5024618314;2;XZ1209;52722741314X8582
0013;2246;5095400400;4;T3110;495358375B577328
0013;6788;5092642798;4;T398;51233226Z4126726
0013;6285;5014824729;4;T360;59845022Z5339792
0013;5528;5017690865;5;T330;47312527Z8159751
0013;3574;5067374303;2;XZ1239;43069543618X7791
0013;6444;5063760445;5;T330;5780817788937837
0013;4296;5026637355;2;XZ1179;5167831A84121916
0013;3748;5058083279;1;XZ1295;41866128Z9619136
0013;6760;5085059042;4;T321;4908059515875615
0013;2965;5075083316;1;XZ195;57015310886797553
0013;1808;5096777862;5;T3281;4478305825953W93
0013;5475;5033814955;1;XZ189;4276597989766519
0013;1011;5091580617;3;XZ148;5158916776798467
0013;3629;5068201654;5;T3239;48086310766245678
0013;2689;5072692622;5;T3264;5560911A84931754
0013;2093;5071247424;6;T346;4530426833757627
0013;8237;5090718899;2;XZ163;5319737326258441
0013;3402;5040738660;2;XZ1296;4697287636896838
0013;1183;5053713713;5;T3258;4725396178923263
0013;2051;5022196829;4;T3267;4538698455476547
0013;3587;5078329508;3;XZ1239;5692456335729414
0013;5046;5098258403;5;T373;5886887586528671
0013;6991;5051768410;5;T3279;49959110989224118
0013;1997;5036560446;1;XZ1167;5216706443945525
0013;3778;5099129553;3;XZ1200;5943436959982814
0013;6537;5071652986;2;XZ1158;48673710134376825
0013;2374;5027005323;3;XZ1105;56075024Z2397871
0013;4651;5098944663;5;T348;4618206771734321
0013;4727;5030390405;2;XZ147;5950951A38653277
0013;3981;5093045160;4;T3144;5086659168865923
0013;8723;5036126092;5;T34;49620621Z7999242
0013;5476;5038722856;2;XZ1113;4215448323163852
0013;7106;5031685949;5;T3278;46118910366215219
0013;5009;5073845674;5;T3113;4467159753573477
0013;1229;5046750448;6;T3257;4411491A73582191
0013;6920;5059210347;1;XZ1236;5117337695374458
0013;3817;5071443887;1;XZ1221;4182026248913752
0013;6890;5067440290;6;T3246;5263197876499899
0013;4705;5089800759;2;XZ1104;50967510267165658
0013;2383;5030011293;3;XZ1169;58019821Z1716159
0013;5785;5031894914;5;T322;5954501A81126741
0013;3170;5033720949;2;XZ155;4776825874191W56
0013;5722;5092567163;6;T3297;418646385B146478
0013;8375;5059020908;4;T3252;46962210842744275
0013;2313;5053243523;1;XZ1198;553889382B699694
0013;6505;5090108304;3;XZ1106;5196965138473W55
0013;5291;5038230086;4;T3213;57068110269523836
0013;6888;5096825716;2;XZ1269;5894301A97721441
0013;4781;5071975020;2;XZ123;5349371A68327695
0013;4407;5052032020;5;T3228;5024911A61764472
0013;2600;5017786772;1;XZ1222;4202997712393672
0013;5074;5092564255;2;XZ1270;5965248951449443
0013;7882;5083992459;5;T3149;571541379B264786
0013;4554;5045700208;6;T3267;4398595592236W17
0013;4291;5077330009;4;T3117;5020146181355684
0013;6007;5096808315;1;XZ181;5748307637784549
0013;4751;5014400554;5;T3241;5218929878986847
0013;2630;5085368101;1;XZ1278;5940628512633878
0013;3046;5034890860;2;XZ180;47709210936193587
0013;4948;5036281896;3;XZ131;4549397619246923
0013;3098;5020089376;1;XZ117;5604638367267461
0013;5275;5056531683;4;T375;5333928436147552
0013;6329;5077747595;2;XZ172;52151129Z1621685
0013;6638;5069529126;5;T38;4499737397886299
0013;4970;5042155998;5;T3154;50435424Z9349912
0013;2414;5083927045;4;T3183;46782941875X8497
0013;3970;5048297398;6;T3131;4285199362219819
0013;7955;5084148137;6;T3219;566543345B931676
0013;7886;5024038838;5;T3268;5612176695595962
0013;4513;5091595347;4;T3263;523271325B971187
0013;3238;5089862251;2;XZ1282;4598446225639451
0013;3447;5039081875;5;T386;4214999863126135
0013;2653;5036022229;5;T3254;46948821Z2396294
0013;4214;5076568155;3;XZ14;4688109179966146
0013;4372;5040560597;1;XZ1300;5785119428462594
0013;5078;5074832573;1;XZ1265;5869029943485327
0013;5695;5086686048;2;XZ1257;572190347B734194
0013;6841;5093086247;2;XZ168;4950319451856682
0013;8753;5062791296;6;T3233;44948947747X6659
0013;2829;5085409242;3;XZ1231;4787457875632971
0013;1067;5033485245;1;XZ112;43403110355719258
0013;2559;5077465874;6;T3125;5791075893914W91
0013;7038;5034166132;1;XZ1106;4699129863138586
0013;4199;5072374307;3;XZ193;5023595981416W22
0013;6047;5015024871;4;T310;5138008797875421
0013;4650;5040345670;5;T310;5972649763576282
0013;7742;5032321707;5;T322;4961775249618W46
0013;3544;5044151254;2;XZ1126;4428906268662393
0013;3708;5022016656;5;T392;4806837458914229
0013;3607;5083815347;4;T3281;495750311B633416
0013;6635;5057565561;1;XZ1228;53142344638X8593
0013;5695;5035960731;1;XZ1228;54008825Z8977517
0013;6773;5024173496;1;XZ1267;4124188123174713
0013;5037;5080160525;3;XZ1274;49023944941X7741
0013;3108;5066500972;2;XZ1287;411112388B219933
0013;6446;5029875367;3;XZ1116;5774545692644W25
0013;6152;5054985431;6;T3141;5618936812534916
0013;5397;5036068521;6;T34;5583745352532W45
0013;7919;5074746639;3;XZ14;5324225613132W59
0013;4969;5017133814;1;XZ183;580316379B112227
0013;3748;5072172208;4;T3194;4505445351135W34
0013;6683;5094682235;6;T31;54917621Z5774754
0013;5955;5079433760;6;T3245;49732823Z1229597
0013;4288;5072974459;5;T3185;5474918914297442
0013;4807;5019416225;3;XZ161;5540587864328491
0013;6258;5013509505;4;T3123;53392010496391822
0013;7117;5036574502;1;XZ197;51113310962546744
0013;2205;5045511501;6;T367;4650737533719789
0013;5182;5029484922;6;T3179;4749159613486893
0013;7637;5072958411;6;T316;4631931A66236499
0013;1821;5061720714;2;XZ1110;5129079347249335
0013;1909;5053585596;5;T3273;5148741A67372115
0013;7186;5031369889;2;XZ148;576863338B663441
0013;4324;5091543139;4;T3144;4569336936833987
0013;2619;5079311986;5;T344;4339355954174W79
0013;5226;5014659370;3;XZ179;443068394B578258
0013;7808;5056810160;6;T3228;5135088819545717
0013;3869;5070098262;3;XZ1271;50310410881449434
0013;5924;5030193838;6;T3122;4583187885424144
0013;5610;5078450477;4;T3188;50382641117X1651
0013;4645;5068099224;6;T3162;491165367B819674
0013;3053;5070701482;3;XZ1292;4421206934664994
0013;5129;5042861607;2;XZ1294;59468610477977725
0013;5356;5070675014;4;T3280;57321025Z5932671
0013;3721;5041525847;3;XZ1127;5184501A72476916
0013;6525;5080446809;2;XZ1213;46442210694653494
0013;2115;5068304306;5;T331;5560581A63335934
0013;5298;5035235428;2;XZ198;5475759552961245
0013;2002;5062437718;6;T3253;4652668481373176
0013;2346;5093276068;5;T3103;4397661A22825792
0013;7573;5050238565;3;XZ1176;5945637963221792
0013;8207;5022176544;2;XZ1230;5612857544387555
0013;3836;5085039979;6;T3190;4828605723379W82
0013;2885;5014303251;1;XZ1232;4473441A11566692
0013;5853;5068958851;2;XZ1270;5739878991612678
0013;5882;5048114224;5;T337;50455745833X4481
0013;4149;5029787892;5;T31;4450845623944W72
0013;2823;5045138860;4;T3121;4701626586171913
0013;4250;5033409481;4;T3135;4607688191713116
0013;2133;5064498523;1;XZ1182;45903910865852994
0013;7282;5063614993;2;XZ1273;5723616487872731
0013;5474;5011504447;3;XZ1126;5720519216419311
0013;4800;5011894492;3;XZ1293;523485351B123537
0013;2733;5071254323;6;T3292;4223356111648793
0013;7845;5026805805;5;T3142;54689246568X5266
0013;5190;5090545303;4;T324;5758688269459992
0013;7606;5046715999;5;T319;5103875794812W66
0013;6746;5024851530;6;T378;4704511A25698722
0013;1613;5037638139;2;XZ1123;5850208281266264
0013;5996;5095891586;1;XZ110;51207749362X8922
0013;5767;5096499851;5;T3221;5030946268999561
0013;2734;5051465160;6;T3143;581503368B642738
0013;5391;5072171230;2;XZ193;42892146496X9945
0013;7539;5015541247;1;XZ1113;5526307282912476
0013;5745;5086230367;4;T3133;51885848527X3641
0013;8375;5030800167;4;T3133;4742221A23846468
0013;6376;5064431311;4;T372;47759848647X9275
0013;1271;5022627655;4;T375;4181937656595983
0013;3818;5069492987;5;T351;55060010292188949
0013;2056;5041146655;5;T330;50434646335X8758
0013;5867;5047743858;1;XZ137;5796447267374423
0013;3928;5030459030;5;T3176;5104845493588W74
0013;3052;5060098210;3;XZ126;59387743432X8527
0013;7008;5016672302;4;T394;42484710125827633
0013;2362;5022017557;1;XZ1240;52452125Z7934162
0013;3891;5016416963;1;XZ1208;53208226Z1473614
0013;8174;5079972458;3;XZ199;54400828Z7346854
0013;5874;5095177828;6;T3173;5254851A98856722
0013;5992;5033795790;5;T3263;5705891A14779134
0013;3207;5090717309;5;T3222;5879941A32346764
0013;7277;5064954761;1;XZ1137;5302445221229W76
0013;5002;5059613445;1;XZ1295;5195656164642334
0013;4258;5050129595;3;XZ1106;42557910221997792
0013;4971;5068035756;2;XZ1173;5430095719829W26
0013;6792;5061355237;2;XZ1251;4187411A96693471
0013;5272;5045215347;3;XZ1139;41699445615X8256
0013;8407;5067838268;2;XZ1222;5693961A77567117
0013;6746;5024145048;5;T365;5742595334985W67
0013;7447;5021749447;2;XZ128;4471889917835181
0013;3191;5033930115;6;T3190;4553166479716471
0013;4953;5064430346;4;T3272;5169997468271538
0013;8621;5024240235;3;XZ1225;49191724Z5267287
0013;2696;5063319172;5;T3126;4822598681783524
0013;3028;5083161459;6;T399;45333110823983548
0013;4416;5046900396;3;XZ129;4720878682268591
0013;8579;5051543361;1;XZ1175;5206748999916237
0013;3975;5090990408;1;XZ141;5725079179874253
0013;5168;5061084636;6;T363;4808887741649712
0013;2147;5070023521;6;T3243;59954246681X5225
0013;2796;5069107309;6;T3183;5884219399358746
0013;6441;5070605904;5;T3217;571234317B557695
0013;8532;5049043994;6;T362;5060261A99552542
0013;8011;5022594341;2;XZ1179;585094366B793898
0013;7179;5081249183;3;XZ1194;5404591A29637789
0013;7195;5091791332;3;XZ1162;4407471A19719915
0013;3448;5073801330;4;T356;4442681A79846774
0013;4121;5093861454;1;XZ188;56962523Z6464751
0013;7587;5039936052;1;XZ1108;5509388695799687
0013;2691;5065871984;6;T3244;5188026798117592
0013;3092;5025302452;4;T3233;55760410764613446
0013;6122;5062315501;5;T370;50726624Z3284644
0013;4876;5014823231;5;T3211;486673367B199217
0013;3084;5070304165;3;XZ15;493630387B269463
0013;4458;5024434896;6;T3198;41579428Z8592314
0013;7815;5096205650;5;T3151;5926907294137145
0013;2875;5028983004;3;XZ1298;4125038592392182
0013;4340;5099673300;6;T3276;5108601A96649757
0013;5170;5017292788;5;T3267;4971459648887742
0013;2590;5056644359;5;T3197;4234867629656471
0013;2915;5094708187;5;T3185;5326945534571W36
0013;8086;5019062580;2;XZ171;52053210364665332
0013;7764;5053665061;6;T3182;5690106647996812
0013;3011;5086683988;3;XZ144;4268199968739977
0013;1625;5045109896;2;XZ123;5172801A36589783
0013;5786;5021919143;6;T3113;4193098114871491
0013;3450;5036025993;4;T338;5596531A56694493
0013;6618;5012566216;2;XZ1118;537798396B684631
0013;2650;5023072276;6;T33;57035110274667686
0013;4040;5042030746;1;XZ1270;5946291A84243528
0013;3022;5087626766;4;T3130;46744547292X7457
0013;4619;5027271091;6;T3120;583161377B574227
0013;7334;5042282309;3;XZ1245;4195709682547846
0013;5620;5016571209;1;XZ1145;5776486784597328
0013;7436;5021822939;2;XZ1202;4592878331118876
0013;2962;5038010117;6;T343;5907508458981878
0013;4209;5068275663;3;XZ152;4760617381916916
0013;1270;5020286791;6;T38;4263276663232695
0013;1984;5078564185;2;XZ1123;48180910129945947
0013;4400;5044117084;5;T3166;5668786381375984
0013;4275;5036379508;2;XZ19;53508010236517372
0013;1581;5051576367;5;T3186;5243308997664164
0013;5231;5037718271;6;T3209;570017318B673637
0013;6787;5031996656;6;T3258;4577135356945W41
0013;5206;5074126404;3;XZ1195;4490906313621393
0013;7195;5091008363;6;T319;5762701A34422718
0013;7436;5095120253;3;XZ115;48213510479637186
0013;1614;5090944729;5;T3295;5383255837917W98
0013;4279;5012636044;6;T3199;5745679421489772
0013;5007;5096415499;4;T3216;42875025Z2492717
0013;5029;5082857798;6;T3199;582813317B968484
0013;6922;5038966054;6;T3141;5206908892535164
0013;5643;5059766993;4;T3294;5175041A41732859
0013;6963;5086665570;2;XZ1173;557942354B957491
0013;3850;5047696588;1;XZ1216;4477101A73978651
0013;5480;5083687321;5;T383;4795196865975984
0013;6837;5056211314;5;T3244;55295723Z9981393
0013;5297;5012081415;3;XZ1215;425181366B193886
0013;4981;5088230205;6;T3203;52832410169542936
0013;4736;5024602950;5;T346;5467717284632341
0013;3291;5065340754;6;T3167;5213508338893574
0013;4335;5089315007;2;XZ137;5799499532281515
0013;6031;5082268465;6;T3293;4255478989776625
0013;7539;5014828561;1;XZ188;5114946358412937
0013;4208;5097928503;3;XZ1292;4318199548513845
0013;6985;5025402621;6;T319;4670329899825826
0013;3713;5025922871;1;XZ1224;4843471A82433691
0013;4709;5016567189;6;T3294;5350237121112887
0013;4990;5068718739;4;T3173;55150410928169487
0013;3582;5096857019;3;XZ114;43179425Z6688245
0013;2450;5054214069;3;XZ1111;58062825Z8723631
0013;7801;5097570567;6;T370;50727010613137747
0013;1363;5023512043;2;XZ1217;42707610895539995
0013;5584;5064349244;6;T389;45000410111756766
0013;5300;5046183715;3;XZ1231;5475709872345151
0013;5047;5024816518;1;XZ1224;4969911A17619126
0013;6513;5027066545;3;XZ173;4844469385766896
0013;6546;5045727718;3;XZ163;5444328895635557
0013;7943;5029306131;5;T3247;475960341B543317
0013;6132;5084016292;3;XZ1216;4431298179789781
0013;2266;5061915535;2;XZ1172;573156314B526569
0013;4462;5068649375;5;T3252;4606286814481938
0013;5626;5014015487;2;XZ1151;56073524Z1797394
0013;7013;5041692881;1;XZ1162;5622306592887645
0013;2315;5043632628;4;T336;4834166759569796
0013;3798;5023985801;4;T3287;5624896134279769
0013;6059;5012619686;2;XZ1145;5914315513532W22
0013;6269;5020103808;3;XZ1153;5170557814935476
0013;4424;5058168907;5;T3217;522389335B176931
0013;7058;5077228392;6;T3230;58260549224X9131
0013;4745;5072278267;1;XZ139;4637548368841796
0013;6199;5061318690;1;XZ165;53115141378X1824
0013;3877;5042702706;1;XZ1176;4514278986712391
0013;3334;5022615782;6;T3138;4877361A96449152
0013;2424;5023247654;5;T393;4609851A52714732
0013;7231;5079138334;3;XZ1254;48952410462439172
0013;5006;5030384283;4;T3129;4416829473651879
0013;1390;5078223849;5;T361;53558345862X4156
0013;6076;5067911840;2;XZ1139;518795377B398986
0013;4424;5060752495;4;T366;4864688842523992
0013;3648;5097510242;5;T3125;54361910294836971
0013;2250;5033690438;3;XZ1289;5627881A14949789
0013;8172;5077420990;1;XZ169;46985344292X7875
0013;1844;5073430371;5;T3266;45815447238X1339
0013;1021;5057647361;6;T3209;4472297968561852
0013;6781;5091431859;6;T3201;5325328659392184
0013;7929;5069280062;1;XZ1182;5383699343973198
0013;6901;5071633375;1;XZ166;5198106183995986
0013;3430;5020776439;1;XZ156;4463097498458265
0013;4444;5043506929;3;XZ1155;4754428343921569
0013;3732;5056150127;3;XZ1225;53051328Z1211488
0013;5001;5039794915;2;XZ161;52551810672438388
0013;2456;5086172556;4;T3130;59922221Z5319693
0013;3651;5063050997;5;T3126;56680110676746151
0013;7848;5088155341;5;T3294;4599045483843W13
0013;3550;5026565478;6;T3294;4149325888617W79
0013;1809;5032164033;2;XZ1184;4626799516721125
0013;6477;5042801692;2;XZ1289;51295941211X2519
0013;5374;5025037122;5;T3249;4964425883881W33
0013;4359;5054122064;3;XZ1191;5675066918667787
0013;4474;5053847414;5;T323;4456281A32422547
0013;6440;5076439411;1;XZ15;5191511A78417279
0013;3037;5013301981;1;XZ197;4974671A19728339
0013;6969;5021544442;1;XZ1256;45342047568X1386
0013;4054;5043744294;5;T3146;43721410165721451
0013;4086;5066272588;4;T3155;59720328Z4143858
0013;1166;5072766042;3;XZ1246;486871388B676445
0013;4350;5054501203;1;XZ138;467762331B865768
0013;5304;5064172882;1;XZ1230;442589375B229627
0013;4676;5023932231;3;XZ1167;4214269299647639
0013;5741;5062439163;1;XZ1253;4586538329962651
0013;5147;5052657161;5;T385;42908949686X4476
0013;7462;5062547116;5;T3202;5348987242359797
0013;7707;5053807395;2;XZ1147;51911410593248393
0013;7550;5079321757;3;XZ1111;5186739587827594
0013;6538;5043473376;3;XZ1228;5092615935565W84
0013;3435;5021385230;3;XZ138;4293925837163W68
0013;2272;5036830673;6;T3258;4820446239277251
0013;1295;5090139190;2;XZ1105;46496225Z4446478
0013;4850;5087607985;3;XZ1233;4693128793789528
0013;6574;5045349733;4;T3159;4850279137633596
0013;6668;5053965960;6;T362;41783524Z2572363
0013;6470;5094148139;1;XZ1158;5436458233755239
0013;4312;5014307991;5;T3104;4480709542672467
0013;5007;5043297256;2;XZ1160;4642727676544794
0013;5770;5066341247;6;T3183;557879339B358795
0013;2689;5033352284;4;T387;5429897623982499
0013;5073;5046404427;6;T3188;4961916129836373
0013;6883;5034380254;6;T3279;44672010726755814
0013;2553;5031352116;1;XZ1267;4324746664323828
0013;3929;5078199116;4;T3298;4591569881543648
0013;1048;5055799631;1;XZ1143;59108127Z6649585
0013;5638;5023666775;4;T353;49081710587416192
0013;7117;5074575795;3;XZ1115;5468279366979734
0013;8441;5019018584;5;T315;4530647878795742
0013;7450;5066454589;5;T3177;478369397B433326
0013;5503;5079794351;3;XZ1177;5105965654273W98
0013;2403;5038980551;3;XZ199;4956868994963552
0013;2580;5063691316;1;XZ1140;5426051A96258224
0013;1510;5084335807;4;T3272;5604151A49865359
0013;5048;5089673749;6;T3276;4310761A48422454
0013;3871;5091676423;4;T3190;4364605869238W78
0013;4763;5081742077;2;XZ1259;5804901A33674155
0013;6723;5078523328;6;T394;5635205445123W94
0013;1248;5018513872;1;XZ196;5926836694719197
0013;5551;5050009538;2;XZ1146;49788322Z8679225
0013;3359;5048443631;4;T3236;42283642481X2563
0013;4325;5024018375;5;T314;5201599465758432
0013;8755;5042237179;2;XZ192;4961556672266344
0013;8718;5092268726;2;XZ190;49957810758647143
0013;1793;5073271694;3;XZ135;5703191A84898811
0013;4812;5096168965;6;T3206;4932087853886882
0013;8441;5027798291;5;T3204;4374681A21449169
0013;6408;5040240397;4;T367;4264998937148842
0013;7949;5050772202;2;XZ1186;45721510962577414
0013;1208;5081076429;3;XZ1283;5668741A81914523
0013;5989;5081181607;5;T3143;5671955972126W35
0013;4726;5028072137;3;XZ1223;5156375458959W42
0013;5759;5070295503;5;T36;42213522Z1982523
0013;1565;5071094217;6;T3131;532937373B643259
0013;2739;5052581361;3;XZ145;44087349939X4764
0013;3143;5056777186;2;XZ1279;57468225Z1227734
0013;8437;5094094999;1;XZ1236;42390427Z4317342
0013;3894;5076387981;1;XZ1146;5783311A15172544
0013;5131;5091301652;6;T361;5475668864487771
0013;3515;5084790444;2;XZ1245;5769867384537699
0013;2698;5057990784;2;XZ177;5025709471414716
0013;7641;5020535100;5;T3160;4642721A47935536
0013;4629;5041097165;3;XZ121;5880786574947946
0013;1716;5041999085;3;XZ1184;4796907878858298
0013;4040;5083122846;1;XZ1267;51601910694892994
0013;4155;5024315060;6;T3107;41576847192X9695
0013;7138;5075000183;6;T372;5090281A35311798
0013;6556;5012885425;6;T3233;47199748341X5265
0013;2785;5050544944;2;XZ1254;541189393B814841
0013;8173;5096163075;6;T321;4337808499572847
0013;6610;5015230046;3;XZ1282;46332247258X8827
0013;5685;5014669636;6;T352;5913579196456221
0013;7464;5072294777;2;XZ1206;59414846711X6654
0013;5139;5075272094;2;XZ1287;45646428Z1344179
0013;8723;5063567550;1;XZ1268;47788522Z6793777
0013;5658;5039692276;3;XZ139;46389928Z6651175
0013;1610;5094613033;1;XZ1194;5503509249251112
0013;3833;5093255092;2;XZ131;533755351B839622
0013;4402;5061823394;5;T3275;4891016356834945
0013;7628;5062890216;6;T397;45617010825757474
0013;4817;5037754017;3;XZ1210;4322026984574495
0013;5235;5046836694;5;T33;5196461A11417324
0013;4771;5044935598;5;T361;50372310944351976
0013;6976;5070919495;6;T3281;41258349394X7871
0013;5670;5056103163;4;T3284;54496110415334683
0013;4816;5068834992;5;T311;4747281A51822769
0013;6012;5055503123;5;T38;4366848142134672
